0 0 0 0 0 1 0 -1 1 0 0 0 0 1 1 -0 0 -0 2 0 0.25 0.40000000000000002 0.25 -0.40000000000000002 -1 0
0 0 0.59999999999999998 0 0 1 0 -1 1 0 0 0 -0.22895107577916379 -0.97343793068667894 0.97343793068667894 -0.22895107577916379 0 0 2e-200 0 2.5e-201 4.0000000000000005e-201 2.5e-201 -4.0000000000000005e-201 -9.9999999999999998e-201 0
0 0 -0.59999999999999998 0 0 1 0 -1 1 0 0 0 -0.44573932286991647 -0.89516280979912721 0.89516280979912721 -0.44573932286991647 0 0 1.9999999999999999e+200 0 2.4999999999999999e+199 4.0000000000000004e+199 2.4999999999999999e+199 -4.0000000000000004e+199 -9.9999999999999997e+199 0
-0.22294377483885836 0.42972563263715208 0.35444598166039332 0.074478390160478816 -0.95683840822684829 -0.2809149870352502 0 -0.99722262780138704 -0.28169736546651947 -0.071462261587032547 0.95950330603350309 -0.020980366292394428 -0.59991192123931447 -0.76696740412272424 -0.4863849676255565 0.12360428308747981 0.63524432309375356 -0.6296689465232348 2 0 0.25 0.40000000000000002 0.25 -0.40000000000000002 -1 0
-0.54668961859811027 -0.24548739839046682 0.52996829919206767 0.67688087695495314 0.61820324866794307 -0.39957104718572278 0.6743773807060286 -0.29503800908488015 -0.73838685551144267 -0.26946167620707268 0 -0.91670222987124073 -0.016550467163933213 -0.71957927653154818 -0.802061236000702 0.42412204423503241 -0.59701244186506019 -0.54984193763319922 2e-200 0 2.5e-201 4.0000000000000005e-201 2.5e-201 -4.0000000000000005e-201 -9.9999999999999998e-201 0
0.59779335768691066 0.070364984941018061 -0.73497746251137486 0.039641849705599058 0.14912344242709621 -0.98802364479328697 0 -0.99921395294096993 -0.98880088882391337 0.0059161794877635532 -0.14924075268182921 -0.039197896223520337 -0.040222238411857604 0.058341832204974783 -0.59464001067297445 0.80086691085935779 0.80298532318093152 0.59599364233652374 1.9999999999999999e+200 0 2.4999999999999999e+199 4.0000000000000004e+199 2.4999999999999999e+199 -4.0000000000000004e+199 -9.9999999999999997e+199 0
0 -0 -0 -0.8215382874859628 -0.53525787136507508 0.19640227426473542 -0.54588994912187672 -0.16455699815670707 0.83785688721148255 -0.1072140275057973 0 -0.98052340444460584 -0.26206047634554636 0.50635871566724011 0.048564560916648729 -0.8432914647763855 -0.9638287141191213 -0.18016757894560609 2 0 0.25 0.40000000000000002 0.25 -0.40000000000000002 -1 0
0.0052279753781154367 0.0011811116030845217 -0.0084423485373963259 -0.97513794579473967 -0.2211507869200757 -0.014082475487161404 -0.22117271906479216 0.013733718094593528 0.97523465296383238 0.0031146593946587715 0 -0.99990083702542898 0.015658967577837024 -0.22068068144760736 -0.043808821353731507 0.97425194210657295 -0.9989172057312824 -0.046186471367605023 2e-200 0 2.5e-201 4.0000000000000005e-201 2.5e-201 -4.0000000000000005e-201 -9.9999999999999998e-201 0
-0.088629194333097572 -0.13304043938524054 0.25386040928047077 -0.85873354023391057 -0.30427800492048124 0.4123003790914414 -0.43282344959442998 0.27430014283356224 0 -0.95258327495375006 -0.90147870827944576 -0.13169865572539363 0.25852410980442059 0.16958788142181999 -0.95215390394965327 0.2108479329138894 0.16299763140385373 0.96269574615285325 1.9999999999999999e+200 0 2.4999999999999999e+199 4.0000000000000004e+199 2.4999999999999999e+199 -4.0000000000000004e+199 -9.9999999999999997e+199 0
-0.28249046352820656 0.38596104415432797 0.36226124607928994 -0.92299705367012874 -0.29197701624300187 0.2506508745288859 -0.30160498693712895 -0.23897880820465175 0.95343297187303844 -0.07559755373806458 0 -0.96807754808068158 0.43458087219746466 0.62526400429043816 -0.20172071523982266 -0.63387362585216189 -0.87775179781258494 0.45524625356802251 2 0 0.25 0.40000000000000002 0.25 -0.40000000000000002 -1 0
0.14502937828840257 -0.57449125516019517 0.53751862960993535 -0.36207784035478935 0.27062254295054239 0.89199948249480143 -0.92657409931838985 -0.10178445852057304 0 -0.96268553497337939 -0.37611226844163775 0.25075183898965109 0.099011967088198982 0.88054723605979712 -0.085533004864655676 0.47159690428396134 0.99140341710735902 -0.047253835159020256 2e-200 0 2.5e-201 4.0000000000000005e-201 2.5e-201 -4.0000000000000005e-201 -9.9999999999999998e-201 0
-0.75843666959212652 -0.51644700497992757 -0.24608191576234512 0.52427760655618572 -0.56608402917921041 -0.63614610206457123 0 -0.85154740987435162 -0.7470471927786575 -0.34852455246332081 0.66477100701032932 -0.39166011421451202 0.25817865273826135 0.21989137371345943 -0.78745786204227508 -0.51622841899358107 0.55969089574341424 -0.82774150747065645 1.9999999999999999e+200 0 2.4999999999999999e+199 4.0000000000000004e+199 2.4999999999999999e+199 -4.0000000000000004e+199 -9.9999999999999997e+199 0
0 -0 -0 0.33252210255571857 -0.78607232267518012 0.52107519115380252 -0 -0.94309546245961995 0.55251585008671722 -0.27715796746079652 0.83350239076018995 0.18372373216619542 -0.21592272069257798 -0.91804489541668899 0.47438427096908947 -0.39629517658075675 0.8534265886096124 -0.011987619371155537 2 0 0.25 0.40000000000000002 0.25 -0.40000000000000002 -1 0
0.009195977302306672 0.0032488007816910682 -0.0022089126140126011 -0.67163627523207836 -0.62785087852751797 -0.39332936341519675 -0.68289372779698121 0.28733407442891712 0.73051773184197422 0.26860215523461728 0 -0.9193976353435962 -0.48253687145263063 0.55710179811178717 0.77429936959483914 -0.089368119857928488 -0.40941257178272178 -0.82562153901995117 2e-200 0 2.5e-201 4.0000000000000005e-201 2.5e-201 -4.0000000000000005e-201 -9.9999999999999998e-201 0
-0.11254254526002211 0.16741577961833473 0.22204984179499215 -0.32419646416356512 -0.23627758582691383 0.91600739902014316 -0.94269936735090532 0.07883245156688426 0 -0.97168559855325909 -0.33364337667066446 -0.22273873067823088 -0.6360267960045437 -0.72639199459214687 -0.57382894301879572 0.67086141891318407 -0.5159362934686087 0.1493305956802955 1.9999999999999999e+200 0 2.4999999999999999e+199 4.0000000000000004e+199 2.4999999999999999e+199 -4.0000000000000004e+199 -9.9999999999999997e+199 0
-0.20040779384189036 0.51589861641309076 -0.23170095759509704 0.68254545979445036 -0.7155810081765932 0.14857831622061335 -0.72361264241101808 0.10254969067201662 -0.69020630520370074 -0.10751314800537785 0 -0.98890064412409351 -0.35681579394060642 0.77361546316488816 -0.49848211353963817 0.31639235325156795 -0.79006206824248282 -0.54901274480298756 2 0 0.25 0.40000000000000002 0.25 -0.40000000000000002 -1 0
0.53386120984439389 0.16672672757042059 -0.57200909690068646 -0.6336016350989162 -0.51266455815695322 -0.57941696455119052 0.67484788700400489 0.37832432832982027 0 -0.85858898828818897 -0.73795686148055428 0.34597059381406164 0.45148646357994848 0.21901059882988413 -0.89205517364931086 0.089128226843127351 -0.019938414419651426 0.97164320446343655 2e-200 0 2.5e-201 4.0000000000000005e-201 2.5e-201 -4.0000000000000005e-201 -9.9999999999999998e-201 0
0.4265918990808128 0.53346385867677748 0.66025424127703158 0.4007083625268707 0.23200973651783044 -0.8863432125096693 0.91120689260309784 0.095576184657269414 -0 -0.97271346354459731 0.41194902460450916 -0.21140887106607575 0.23291176707009317 -0.92284030169877829 -0.89045650694792833 -0.075556716143720865 0.39094669456894049 0.37769956341791677 1.9999999999999999e+200 0 2.4999999999999999e+199 4.0000000000000004e+199 2.4999999999999999e+199 -4.0000000000000004e+199 -9.9999999999999997e+199 0
0 0 -0 0.65379963088445514 0.7558648772125458 0.03484723879754794 0.75632423032738005 0.022796957583116135 -0.65419695705475134 0.026355811062589864 0 -0.99939265053740844 -0.012159896932434331 -0.7565700096897463 0.056543233294034698 0.65228149610817532 -0.9983260988651198 0.046159184058405203 2 0 0.25 0.40000000000000002 0.25 -0.40000000000000002 -1 0
0.0077854048987367501 0.0059757676779918535 -0.0019177255333841926 -0.034792913613780056 0.93643090637487958 -0.34912262995713372 0 -0.99939454329221966 -0.34933413665342722 -0.032600898063186966 -0.93699821823128604 0.012154352438927131 -0.9609457912476117 0.27340537929564762 0.057094914964768144 0.34723806103668436 0.27078285944399738 0.89703691537176267 2e-200 0 2.5e-201 4.0000000000000005e-201 2.5e-201 -4.0000000000000005e-201 -9.9999999999999998e-201 0
0.2162917045094607 -0.077523462600384091 -0.19289378244733282 0.40142457538486759 -0.021021654069877781 -0.91565080698771029 0.91585319166354318 -0.0084404737295894049 -0 -0.99977902061413859 0.40151330154765874 0.019252748973944477 -0.45138775001804754 -0.85154756030738388 -0.87332122273502033 0.48293717556741428 -0.18319154198339366 -0.20405498521112106 1.9999999999999999e+200 0 2.4999999999999999e+199 4.0000000000000004e+199 2.4999999999999999e+199 -4.0000000000000004e+199 -9.9999999999999997e+199 0
0.58729643747265114 0.10936771340686756 0.055871260913689928 0.46214997024157856 -0.75523917624280301 -0.46479155723162663 0 -0.88680178450751224 -0.52412113434091689 -0.3935871227635413 0.85164372629474028 -0.24222256663863714 -0.72354180302208193 -0.66174173060836583 0.47175927857089478 -0.26630880525583339 -0.50391511424229352 0.7008405683282436 2 0 0.25 0.40000000000000002 0.25 -0.40000000000000002 -1 0
0.49462207088961646 0.46778068934515016 -0.42015501147153211 -0.73587209263409692 0.65150230013708188 -0.18449123610189899 0.66288121375396936 0.13813312323399965 0.74872457983698137 -0.12229577451419693 -0 -0.98283415884959613 -0.058963153770818094 -0.31327207657869566 0.99680116365332039 0.032838856889046607 0.053951706523382374 -0.94909547228626701 2e-200 0 2.5e-201 4.0000000000000005e-201 2.5e-201 -4.0000000000000005e-201 -9.9999999999999998e-201 0
0.47783132798419453 0.14670510570915835 0.80787055519787676 0.66225734900190669 0.25305489607662451 0.70525061025469205 -0.72897742502655705 0.17322562597553853 0 -0.96745192106463285 0.6845377373101138 0.18447130653230073 0.18475653820385143 0.49345947128242568 0.18348044073443529 -0.86692156352174576 0.96550502301066565 0.070318937013300123 1.9999999999999999e+200 0 2.4999999999999999e+199 4.0000000000000004e+199 2.4999999999999999e+199 -4.0000000000000004e+199 -9.9999999999999997e+199 0
0 0 -0 -0.95753146686543766 -0.1427193107214739 0.25052881732389737 -0.25311995487585531 0.13807164229547028 0 -0.9897632031689132 -0.96743490139835497 -0.036125105489732648 -0.1650396096785787 0.23642211656202075 -0.44117637998207093 -0.88599920998446879 -0.88211412469309081 0.3988859269355482 2 0 0.25 0.40000000000000002 0.25 -0.40000000000000002 -1 0
0.0062823601217534076 -0.0063070842089715633 0.0045555065669521414 0.072283152618539986 0.15538753053370155 0.98520549186561213 0 -0.99738415159231641 0.98778939919261688 0.011261358591525588 -0.15579506681114444 0.071400531896815847 -0.63781414024504945 -0.76733377165868355 0.76567208672972265 -0.62241408332998893 -0.083302929758926059 0.15427116303622324 2e-200 0 2.5e-201 4.0000000000000005e-201 2.5e-201 -4.0000000000000005e-201 -9.9999999999999998e-201 0
-0.1094970028246431 -0.075643334532317044 0.26886519356966249 -0.64601881112887849 -0.74018124441941213 -0.18652458571823899 -0.75340325044656775 0.12265087804078949 0.65755877472401369 0.1405282291683207 0 -0.98245029335973988 -0.22181512042718399 0.80281066787498723 0.66812832036688985 -0.28826441092438493 -0.71021306653256677 -0.52191825120466329 1.9999999999999999e+200 0 2.4999999999999999e+199 4.0000000000000004e+199 2.4999999999999999e+199 -4.0000000000000004e+199 -9.9999999999999997e+199 0
0.45402428161933323 -0.087979822468499197 0.38225842376389796 0.63647240532851068 -0.44418861447318186 -0.63055479700636263 0.70379658652410948 -0.31555228101275362 -0 -0.89593329817146272 0.71040155179800368 0.31261843063909905 0.11729007329653285 -0.98950034982841151 -0.94478145540810365 -0.13738148308850603 0.30599189568195989 -0.044893048391193367 2 0 0.25 0.40000000000000002 0.25 -0.40000000000000002 -1 0
0.36643220248982383 0.67319295533040224 -0.22921318869553678 -0.22323392091521965 0.019993176732620611 0.97455984394851591 -0.9747546813596375 -0.0044640475231715925 0 -0.99980011646535538 -0.22327855062112814 0.019488442615372522 0.06992759448358872 -0.89571750174986386 -0.75821322362079802 0.23831286834115586 -0.64824597110687576 -0.37536266975019439 2e-200 0 2.5e-201 4.0000000000000005e-201 2.5e-201 -4.0000000000000005e-201 -9.9999999999999998e-201 0
-0.051173619230719856 0.23883406314897787 0.91806293410341933 -0.46741501206993802 0.45858554829939341 0.75579263120422413 -0.85049502633212981 -0.24120824338311822 0 -0.88865026579129802 -0.52598308925697401 0.39002472797642679 -0.64399292930632901 -0.20998044814645936 -0.60214230576654337 0.73228199220728651 0.47190862527570321 0.64782041900911014 1.9999999999999999e+200 0 2.4999999999999999e+199 4.0000000000000004e+199 2.4999999999999999e+199 -4.0000000000000004e+199 -9.9999999999999997e+199 0
-0 -0 -0 0.20449274694605568 -0.91818713803807517 0.33928615649316601 -0 -0.97886807918455299 0.34661070649663911 -0.1918160516832452 0.93800907146034607 0.070879375492410801 -0.94149926221299096 0.26788403404990346 -0.27934933343560009 -0.28088490427670659 -0.18852874889915153 -0.92159742558810098 2 0 0.25 0.40000000000000002 0.25 -0.40000000000000002 -1 0
0.0079922860560021243 0.0037637038575365311 0.0046859254018601941 0.84643764096740337 0.014369542646057384 0.53229393778032097 -0.53234890131802215 0.012164177696493134 0 -0.99989675279207857 0.84652504231445791 0.0076496102400711134 0.26709474824424917 0.46086754019288295 -0.87356803640871294 0.48658392241762694 -0.40686518802346167 -0.74218407207460213 2e-200 0 2.5e-201 4.0000000000000005e-201 2.5e-201 -4.0000000000000005e-201 -9.9999999999999998e-201 0
0.0044135233826541184 -0.2019879466688777 -0.22176877645836751 -0.60120135136346109 -0.7118444955125971 0.36309000168989003 -0.76398324076125135 -0.23427877188231142 0.64523608689838163 -0.27739467617905039 0 -0.93175407199155069 0.1594937905882024 0.77217718552465275 -0.82327107769148566 -0.23978311676119757 -0.54478111512836636 0.58842709919879799 1.9999999999999999e+200 0 2.4999999999999999e+199 4.0000000000000004e+199 2.4999999999999999e+199 -4.0000000000000004e+199 -9.9999999999999997e+199 0
-0.35986774844637887 -0.28610793909507576 0.38553527830135365 -0.37498085941335052 -0.29383507691962912 0.87923279206661786 -0.91983799803536481 0.11527103905108634 0 -0.95585613330230568 -0.39229842896740236 -0.27028066890631908 -0.99103599719792534 0.064660018913085274 -0.054860847911808161 -0.99485390727222911 -0.12181108169748354 -0.078005032782108297 2 0 0.25 0.40000000000000002 0.25 -0.40000000000000002 -1 0
0.11272023570710724 0.34789312281395951 0.71152267958293891 0.84853863524979312 -0.52898089915454716 -0.012704047310422529 -0.52902359118126518 -0.010780744969444925 -0.84860711756010954 0.0067207407306964194 0 -0.99991930033474929 -0.87766540917398428 -0.32203619767075059 -0.47896616171878942 0.61588127189947295 -0.01717106484272559 -0.71901526153013806 2e-200 0 2.5e-201 4.0000000000000005e-201 2.5e-201 -4.0000000000000005e-201 -9.9999999999999998e-201 0
0.56046892653623193 -0.73738937199838961 0.21126167766810983 -0.56481037436161341 0.20931348202475406 -0.79823374224356547 0.81631629873317546 -0.12090054357223969 0 -0.9778485906533142 -0.57760514230966553 -0.17086600692140028 0.32871249370539013 0.71587234055781557 -0.16518254614910741 0.68578634836562735 -0.92987247670295192 0.13123976691389394 1.9999999999999999e+200 0 2.4999999999999999e+199 4.0000000000000004e+199 2.4999999999999999e+199 -4.0000000000000004e+199 -9.9999999999999997e+199 0
0 0 0 0.080437617536618891 -0.95053623470988657 -0.30001775978862355 0 -0.99675964489190305 -0.30099308426672905 -0.076707429413019113 0.95362632263565461 -0.024211166593414452 -0.63677795783135094 -0.76684002380233585 -0.28056828503112241 0.13327529380288922 0.71818888173991458 -0.62784876678750168 2 0 0.25 0.40000000000000002 0.25 -0.40000000000000002 -1 0
-0.0079824475962554462 0.0012823027356703557 0.0058852553102756704 0.94491012510499695 -0.32097383809144342 0.064192294980837977 -0.32163719944813518 0.060781308024914819 -0.94686298477190489 -0.02064662998378531 0 -0.99793754777796251 -0.14935496685735233 0.28866059164605068 -0.58572114639026829 0.74474474891648546 -0.79663280910737611 -0.60168955599368112 2e-200 0 2.5e-201 4.0000000000000005e-201 2.5e-201 -4.0000000000000005e-201 -9.9999999999999998e-201 0
0.20909018932805998 0.138632289400659 -0.16450647726544979 0.95469772943484388 0.24337895126145606 0.17122771824336075 0.24702717715275471 0.16592112330832218 -0.96900855194778412 0.042297899887964646 0 -0.98523147965601077 0.41364307303116038 0.0090040027507459226 -0.31973772731660305 0.93769483287025446 -0.85244776606179906 -0.34734324283464912 1.9999999999999999e+200 0 2.4999999999999999e+199 4.0000000000000004e+199 2.4999999999999999e+199 -4.0000000000000004e+199 -9.9999999999999997e+199 0
0.57431166644831 -0.10383265943731911 0.13922962549521867 -0.65916612953336939 0.74621676163360595 0.093062120828247122 0.74946922998754972 -0.061610769982743167 0.66203917807171297 0.069747196038154685 -0 -0.99566030435432573 0.15287286585978013 -0.484450671393788 0.12797874325964731 -0.85455850890958174 -0.97992414408335637 -0.18718253614143676 2 0 0.25 0.40000000000000002 0.25 -0.40000000000000002 -1 0
0.51805489125538284 0.46535115112489867 -0.39378602793027734 -0.68895412176380466 0.38047545344651751 -0.61691218777823753 0.66708280565311584 -0.28344796437200204 0 -0.924791019271201 -0.74498357726997388 -0.25380863296724437 0.23325516322215853 0.012805495949983849 -0.97223424932708624 -0.01623734565420273 -0.018777466964458867 0.99978616107624774 2e-200 0 2.5e-201 4.0000000000000005e-201 2.5e-201 -4.0000000000000005e-201 -9.9999999999999998e-201 0
-0.60657209648229049 0.73055234186365259 0.029386520151447746 -0.55781794957810549 0.26034296037281568 -0.7880740308580132 0.81622040770580773 -0.15041070830576922 0 -0.96551620544883576 -0.5777406390799984 -0.21249723725883657 -0.2798163429426197 -0.8718834799917351 -0.65508799269613971 -0.1326276322813455 0.70182799605570056 -0.47141182470632392 1.9999999999999999e+200 0 2.4999999999999999e+199 4.0000000000000004e+199 2.4999999999999999e+199 -4.0000000000000004e+199 -9.9999999999999997e+199 0
-0 -0 -0 0.62189784640788282 0.085003612261872113 0.77847122909948996 -0.78129902914804217 0.053055590521302348 0 -0.99638064307895569 0.62415689297830146 0.066413239734277291 0.42653735132634257 -0.6567411640492361 -0.87045808227844079 -0.48484751509992563 -0.24570025421160546 0.57759322238464839 2 0 0.25 0.40000000000000002 0.25 -0.40000000000000002 -1 0
-0.0033847685508675983 0.0089736320545395071 0.0028314783429859952 -0.59947750236046304 -0.032734691188483628 0.79972192927070329 -0.80015074894915317 0.01963423336344992 0 -0.99946407638933921 -0.59979894877876316 -0.02619268767108442 0.55801986764272238 0.57485267292452402 -0.73833221934533733 0.67313713036911071 0.37878669616630867 0.46522124645158802 2e-200 0 2.5e-201 4.0000000000000005e-201 2.5e-201 -4.0000000000000005e-201 -9.9999999999999998e-201 0
-0.23347411936272644 0.10446727176756714 0.15676869814232888 0.56775794748797659 -0.10523317853512623 0.81644160305537716 -0.82100014531892018 -0.060080566330152275 0 -0.99444757435241093 0.57092798266183442 -0.086396454869710509 -0.63071637801788905 -0.13005613899993251 -0.043940073640424702 -0.97828890848325789 0.77476843019606145 -0.16135740530594109 1.9999999999999999e+200 0 2.4999999999999999e+199 4.0000000000000004e+199 2.4999999999999999e+199 -4.0000000000000004e+199 -9.9999999999999997e+199 0
0.26169279641625032 0.35811739660538477 0.40406535430846396 -0.85946737253452221 0.21748971822767699 -0.46261653452276286 0.4739619455293177 -0.19150955521505714 0 -0.97606261195952271 -0.88054532773166427 -0.1030818499838129 0.66358622524167699 -0.011302897966592639 -0.2280094334735788 -0.95536830888962021 -0.7125061543008312 0.29520101433928742 2 0 0.25 0.40000000000000002 0.25 -0.40000000000000002 -1 0
-0.23947932984947903 0.60095958540506333 0.47063491932135548 0.73674250399100327 0.65476992447846738 0.16878041595969751 0.66430018949691971 0.12615760400159373 -0.74746589101734695 0.11212086230539599 0 -0.98565367710391616 -0.27484562762829379 -0.32283540048233289 -0.91068031565898966 0.38955581504889591 -0.3084173205980037 -0.86256800958359325 2e-200 0 2.5e-201 4.0000000000000005e-201 2.5e-201 -4.0000000000000005e-201 -9.9999999999999998e-201 0
-0.62732842880163953 0.63306526369524463 0.32891855271440196 -0.81140612879377305 0.58163627629177139 0.057613681164677938 0.58260400932302925 -0.046825874008229906 0.81275615551082214 0.03356596163840006 -0 -0.99833895233164927 0.61986477805023676 0.5836203704345817 0.58673620121885817 -0.78858731197357601 -0.52106457096217407 -0.19369386827695947 1.9999999999999999e+200 0 2.4999999999999999e+199 4.0000000000000004e+199 2.4999999999999999e+199 -4.0000000000000004e+199 -9.9999999999999997e+199 0
0 0 0 0.41751349255405362 0.90789813047735823 -0.037462891119534526 0.90853590496057912 -0.015652250086734442 -0.41780678476714744 -0.034036381685725946 0 -0.99929801950617614 0.53502285255324211 -0.73446104783106625 -0.27894578265606573 0.31290611213926905 -0.79745833595504323 -0.60220987554570982 2 0 0.25 0.40000000000000002 0.25 -0.40000000000000002 -1 0
0.0044015102405720805 0.0024466918272009583 0.0086394679642236745 0.57075597264602451 -0.80827058632111493 -0.14469374201053578 -0.81686689459231387 -0.083463142811663255 -0.57682620997932266 0.11819552770308779 0 -0.98947648836290625 -0.41193197278687038 -0.71417590960894839 -0.11684653042070713 -0.57453277128954516 -0.9036918380313943 0.39983104537865294 2e-200 0 2.5e-201 4.0000000000000005e-201 2.5e-201 -4.0000000000000005e-201 -9.9999999999999998e-201 0
-0.26774269159955816 -0.035903960315419869 0.13047895128599332 0.61244107543100235 -0.38989149837134279 -0.68767764877351245 0.74677697881085647 -0.25930690897669273 -0 -0.92086080354076794 0.66507454012172917 0.29116199521778935 -0.046763292223805424 -0.69885365116876486 -0.94033302043592526 -0.21027664791199741 0.33702671285558394 -0.68365730127819158 1.9999999999999999e+200 0 2.4999999999999999e+199 4.0000000000000004e+199 2.4999999999999999e+199 -4.0000000000000004e+199 -9.9999999999999997e+199 0
0.33336198747581758 -0.49412908779078707 0.068601967210987713 -0.64543515638902227 0.11398326414580329 0.75526238777774857 -0.76021697269701605 -0.074051423487077966 0 -0.99348266995185563 -0.64966926541385983 0.086652012007046905 -0.3694512055387954 0.57494976070144177 -0.8378006374800957 0.13375834161504191 0.40198992346062062 0.80718119323838833 2 0 0.25 0.40000000000000002 0.25 -0.40000000000000002 -1 0
-0.72545615953124576 0.24167731898005887 0.23517107409030277 0.62531406772338938 0.76124758289128247 -0.17171032074225551 0.77272448547177452 -0.108991679772401 -0.63474157698419387 -0.13268476924575276 0 -0.98514748426344334 -0.30167060519988198 -0.10631539472402525 0.05436392884817226 0.99022829406203927 -0.95186102409885831 0.0902494458911417 2e-200 0 2.5e-201 4.0000000000000005e-201 2.5e-201 -4.0000000000000005e-201 -9.9999999999999998e-201 0
-0.79043419148092087 0.34528811947960125 0.39810790432261384 -0.060056566183141161 0.19930514897621374 -0.97809542808964156 0 -0.99819497537219148 -0.97986410693456405 -0.011991227330780499 -0.19966555021167073 0.058847273588600153 -0.48464671125661413 0.47367395777296678 0.4207426099288194 0.86328284226065721 -0.76687236321204943 0.17428630464283443 1.9999999999999999e+200 0 2.4999999999999999e+199 4.0000000000000004e+199 2.4999999999999999e+199 -4.0000000000000004e+199 -9.9999999999999997e+199 0
-0 -0 -0 0.0014705119883620908 -0.75831399379822062 0.65188781581211075 -0 -0.99999891879666158 0.65188852063615554 -0.0011151110244847821 0.75831481369072873 0.00095860988467109498 -0.73900447904449706 0.67369890718826586 -0.44000113173357197 -0.4809978075656563 -0.51016799588502937 -0.56104446487811299 2 0 0.25 0.40000000000000002 0.25 -0.40000000000000002 -1 0
0.0048867980311033121 -0.0086950574791758734 -0.00071776071014822323 -0.81750788343665293 0.46369348051768228 0.3415687582966595 0.49336610222859911 -0.29710393752133851 0.86982175712714804 0.16851844692388537 -0 -0.93985678874798695 0.49755597206637664 -0.29528022316645219 0.86743011355171917 0.16747744209816151 -0.0017472162815140556 -0.94061729528806082 2e-200 0 2.5e-201 4.0000000000000005e-201 2.5e-201 -4.0000000000000005e-201 -9.9999999999999998e-201 0
-0.26282367815850033 -0.12491560815049681 -0.072936993628943639 0.020030031898065855 0.72883404067838586 -0.6843973545905766 0 -0.99979937878664571 -0.68453468677001961 0.014601498453520835 -0.72898028958859462 -0.01371125161133601 -0.2001105827779934 0.94027286472490057 -0.51529744840264002 -0.34006834153854348 -0.83332124317695189 -0.015506867680271362 1.9999999999999999e+200 0 2.4999999999999999e+199 4.0000000000000004e+199 2.4999999999999999e+199 -4.0000000000000004e+199 -9.9999999999999997e+199 0
-0.30904589066391891 0.36081955340203425 0.36646949033514586 0.67438176355797841 -0.34461142020543445 -0.65303308189128095 0.69564449098033221 -0.24756409099290902 -0 -0.93874542292572238 0.71838620683356269 0.23972703599481882 0.49379927042255012 -0.6272676118151036 -0.40647447617346399 -0.77875356463328982 0.768726726964573 -0.0088447011662885038 2 0 0.25 0.40000000000000002 0.25 -0.40000000000000002 -1 0
0.68519227481208878 0.41291975086714816 -0.0029708385428068567 0.36088203262191965 0.82315260029722592 0.43838790489084783 0 -0.93261147244212672 0.47006488537277996 0.31852598035857382 -0.88263186184245312 0.16963797129751851 -0.56762606947990102 -0.63347554129359263 0.32881319562411382 -0.75999464842201492 -0.75477316302996422 0.14531645795534584 2e-200 0 2.5e-201 4.0000000000000005e-201 2.5e-201 -4.0000000000000005e-201 -9.9999999999999998e-201 0
0.27305003960150748 -0.90935222978609798 0.031971832238186886 -0.86113858150247768 -0.45253221277737732 0.23163535966408735 -0.46518396861078493 -0.20504686975279801 0.88521402798844095 -0.10775305587912669 0 -0.97280268305206108 0.28038350739701745 -0.73522431146249856 0.28458226395343461 -0.55032756922055093 -0.91673225307222839 -0.3957079458265837 1.9999999999999999e+200 0 2.4999999999999999e+199 4.0000000000000004e+199 2.4999999999999999e+199 -4.0000000000000004e+199 -9.9999999999999997e+199 0
-0 0 0 0.44964031799194559 0.63524944559572638 0.62791856662024592 0 -0.89320970910313213 0.70299120152952221 0.31978353998040743 -0.71119854511386527 0.31609318740127429 -0.81710373960086924 -0.36078395635944904 0.57648754610105157 -0.51392630897893332 0.0018941807365416904 0.77827674112292022 2 0 0.25 0.40000000000000002 0.25 -0.40000000000000002 -1 0
0.0035155451591437343 -0.0090841734013899396 0.0022624623416756789 -0.19597345100286248 -0.73226629667347198 -0.65221198797488178 0 -0.98060920172208688 -0.66510898207920777 0.14634245014239292 0.74674630361158134 0.13034370251106336 -0.96332017352764743 -0.17851027806784794 0.023821449742124242 0.68683202239729735 0.26729530823949466 -0.70455365561025796 2e-200 0 2.5e-201 4.0000000000000005e-201 2.5e-201 -4.0000000000000005e-201 -9.9999999999999998e-201 0
0.14380288853133261 -0.26267850748608118 0.017908962977512478 0.59929990929857335 0.80051940678724198 -0.0028806373815493326 0.80052272819163983 -0.0017263728842824622 -0.5993023958308642 -0.0023060156956086933 0 -0.99999585095553067 -0.052784226265844815 -0.9265262727512299 0.00032527497555436181 0.37301296668418349 -0.99860588805279249 0.049095749176254144 1.9999999999999999e+200 0 2.4999999999999999e+199 4.0000000000000004e+199 2.4999999999999999e+199 -4.0000000000000004e+199 -9.9999999999999997e+199 0
0.31067977364978683 -0.23698640143271049 -0.4553191449751387 -0.65186483981779575 0.38170044637819656 -0.65526864707843679 0.70894570071614427 -0.26919922742351021 0 -0.9242860862496447 -0.70526306683116147 -0.27060489042125563 -0.53631931172367497 0.11791666807200028 -0.8370826436258838 0.052338541206093402 -0.10795482209028549 -0.99164325061748682 2 0 0.25 0.40000000000000002 0.25 -0.40000000000000002 -1 0
-0.53061966889924761 0.167791120215803 -0.57470767086752794 0.62440045433905023 -0.73283939390561248 -0.27031554776083833 -0.7611766437690205 -0.17531169271248648 -0.64854461448733791 0.20575788140317927 0 -0.96277178221983528 0.54935119099429552 0.31670122930057637 0.20433539041532961 0.8463791047967465 -0.81022238748195796 0.42818540648060627 2e-200 0 2.5e-201 4.0000000000000005e-201 2.5e-201 -4.0000000000000005e-201 -9.9999999999999998e-201 0
-0.53730325703020887 -0.11211569118480401 0.77539363021299235 0.8760873809381805 0.43668669245793723 0.20439088431489877 0.44610424139718752 0.18292595979881929 -0.89498100862947916 0.091179640395798234 0 -0.9788893535068065 -0.68217047186219926 0.19631772515447438 0.46042576011334319 0.86365340236438892 -0.56802426598108857 0.46428671246826242 1.9999999999999999e+200 0 2.4999999999999999e+199 4.0000000000000004e+199 2.4999999999999999e+199 -4.0000000000000004e+199 -9.9999999999999997e+199 0
0 0 0 0.64001867162983839 0.24389638989507798 0.72862243374832025 -0.7513110549655142 0.16095899680285994 0 -0.96980129459397402 0.65994825455228368 0.18324205399435142 -0.7513110549655142 0.16095899680285994 0 -0.96980129459397402 0.65994825455228368 0.18324205399435142 2 0 0.25 0.40000000000000002 0.25 -0.40000000000000002 -1 0
-0.0032467026655838326 0.0094502739671993991 0.0003889006893336549 -0.32003553014720748 -0.58317955036119196 0.74664507731847662 -0 -0.94740554117199238 0.7880944799993842 0.19699924526509788 0.61555429540739959 -0.25221823471269073 -0.21963358404570699 -0.92317622190373505 0.80723463034703402 0.0096037557754607723 0.547844266491605 -0.38425698586564544 2e-200 0 2.5e-201 4.0000000000000005e-201 2.5e-201 -4.0000000000000005e-201 -9.9999999999999998e-201 0
0.087224012842159512 -0.035313651407314121 0.28485946992858335 0.12516307804459434 -0.53494906014362587 0.83556191089939835 -0 -0.9921361821314667 0.84218469797594697 -0.067486573083942625 0.53918914537958107 0.10541042908072656 -0.43269448018099421 -0.89952362443025857 0.66257624583147912 -0.36262850061725344 0.61136585223641871 -0.24363460269824946 1.9999999999999999e+200 0 2.4999999999999999e+199 4.0000000000000004e+199 2.4999999999999999e+199 -4.0000000000000004e+199 -9.9999999999999997e+199 0
0.49575260944726274 0.20011551565521413 0.27236580295675433 -0.085625498443031536 0.65501051032738666 0.75075262595414138 0 -0.99632739298705542 0.75352000882293857 -0.056292341078828113 -0.65742497389700572 -0.06452052634226163 -0.45481909891409705 -0.57031662409405082 0.27007923539914258 -0.82021203187689917 -0.84864409140061969 0.044622539667007778 2 0 0.25 0.40000000000000002 0.25 -0.40000000000000002 -1 0
0.35680739162353742 -0.58485361212377662 -0.41307957788854532 0.75778538319112432 0.43790071054973528 -0.48373988952940178 0.53807267003789527 0.36910583140905701 -0 -0.89902334102070847 0.84289845281521925 -0.2356224045369876 0.96465306923880845 -0.18739576929951549 -0.19786124824985177 -0.050678960109783129 0.17405568778168998 0.9809762834293364 2e-200 0 2.5e-201 4.0000000000000005e-201 2.5e-201 -4.0000000000000005e-201 -9.9999999999999998e-201 0
0.10408706300815684 -0.73864235055518557 0.58828000244836332 -0.82618371703510829 0.46768857266622682 0.31414624731720042 0.49262806439520573 -0.27338261809464992 0.870239961257947 0.15475725775289004 -0 -0.94937460219689906 0.58840168658543746 -0.74837962371969879 -0.23476061975228904 -0.52041014058064639 -0.77373826752780805 -0.41121919262358603 1.9999999999999999e+200 0 2.4999999999999999e+199 4.0000000000000004e+199 2.4999999999999999e+199 -4.0000000000000004e+199 -9.9999999999999997e+199 0
0 0 0 0.80926981338963921 -0.54024677227470919 0.23068548758657739 -0.55522201591397147 0.19186162248017238 -0.83170217809287106 -0.12808166145991695 0 -0.97302836845435459 0.086574919185572141 0.58102250602219374 -0.27872312854452819 0.79400682784287757 -0.95646129089595788 -0.17879039357465756 2 0 0.25 0.40000000000000002 0.25 -0.40000000000000002 -1 0
-0.0079946559765807172 -0.0025838956799913619 -0.00542300275963826 0.65727598579660373 -0.50091871261488896 0.56308855595487395 -0.65059762195575144 -0.38040900725485444 0 -0.86549433467368364 0.75942263220523065 -0.32589652322038321 -0.34536533874614073 0.66654929343049174 -0.86803744866475796 0.040672960232256021 -0.35669843076237556 -0.74435055567471531 2e-200 0 2.5e-201 4.0000000000000005e-201 2.5e-201 -4.0000000000000005e-201 -9.9999999999999998e-201 0
0.22799775652271145 0.099244253020922643 -0.16783206267852835 -0.15943671324102238 0.64007925277429778 -0.75158398375617119 0 -0.98720815154196317 -0.76132270847058892 -0.10337448299702948 -0.64837314377371191 0.12138279035430376 -0.86634268618444921 0.25777741867697507 -0.068593870544602406 0.78698901211139527 0.49471732435646826 0.56053465301992289 1.9999999999999999e+200 0 2.4999999999999999e+199 4.0000000000000004e+199 2.4999999999999999e+199 -4.0000000000000004e+199 -9.9999999999999997e+199 0
0.13254271741871437 0.52834366606715055 -0.25156589312938676 0.28478377825643081 -0.91157519078216609 -0.2965280276676211 0 -0.95859177945671514 -0.30933712767251059 -0.27081582855102521 0.9509524391068781 -0.088094195973569489 -0.84063666294239781 0.53931167883443609 -0.067847922737749297 -0.013770080568671293 -0.5373329138413554 -0.84199364484176131 2 0 0.25 0.40000000000000002 0.25 -0.40000000000000002 -1 0
0.74660799470050365 -0.086134094308148348 0.2741485364670177 0.64758168166387964 0.52774916420543805 -0.54965333188642007 0.64710755449115664 0.40235528888515476 -0 -0.84940027059123402 0.76239872305800382 -0.34151047103373289 -0.20448386641325547 -0.92704519619833392 -0.83942037866493957 0.00090719590187814667 -0.5035471936757222 0.3749485047325673 2e-200 0 2.5e-201 4.0000000000000005e-201 2.5e-201 -4.0000000000000005e-201 -9.9999999999999998e-201 0
0.6345063045016972 -0.51325304038659347 -0.48628496386534226 -0.87772441509219923 -0.16886522022247091 -0.44842433982810653 0.45495792151369624 0.1503766630930285 0 -0.98563915171791772 -0.89051293626310535 0.076826569608367951 -0.32961755029147521 0.46267776228263996 0.12810223059405784 0.88554216654772211 -0.93538339148002503 -0.04176553070530082 1.9999999999999999e+200 0 2.4999999999999999e+199 4.0000000000000004e+199 2.4999999999999999e+199 -4.0000000000000004e+199 -9.9999999999999997e+199 0
0 -0 0 0.41358238698638966 0.86923392023793833 -0.27089112403773147 0.90299698363923819 -0.11638752816808823 -0.42964688703450105 -0.24461386790071424 0 -0.96260999315276918 0.85236446538873134 -0.32003816540722491 -0.47423918484720878 -0.13974830039481803 -0.2203905934881 -0.93704107979294982 2 0 0.25 0.40000000000000002 0.25 -0.40000000000000002 -1 0
-0.0028717951772218998 -0.0068313778970681997 -0.00671454156942476 -0.67670370504208766 -0.61028910559469329 -0.41184864109857233 -0.66972574631506721 0.30584231281011071 0.74260852723539772 0.2758256385285876 0 -0.91125226848840257 -0.46228585180392689 0.56929840482668514 0.78851231573224667 -0.086800133360131038 -0.40563545106473098 -0.81753597053001625 2e-200 0 2.5e-201 4.0000000000000005e-201 2.5e-201 -4.0000000000000005e-201 -9.9999999999999998e-201 0
0.28589190832868128 -0.072212392849917137 0.055237551276954087 0.0027997080986461691 0.99605335641983817 -0.08871230353979645 0 -0.99999608080960101 -0.088712651221567393 0.0027886695779793559 -0.99605726015788898 -0.0002483695280773952 -0.60947910781698889 -0.74411470305898342 -0.27784416127061151 -0.12267680369114241 -0.74252127187201689 0.65669148808825417 1.9999999999999999e+200 0 2.4999999999999999e+199 4.0000000000000004e+199 2.4999999999999999e+199 -4.0000000000000004e+199 -9.9999999999999997e+199 0
0.28748889536029198 0.0073620823737104218 -0.52658896189308968 0.46440347988614877 -0.82729738330462044 -0.31608297557281262 -0.87200365999601404 -0.15472241215541896 -0.48949935337399164 0.27562551156192333 0 -0.94873154925565573 -0.55768438638872697 0.80906598949897834 -0.32411978641496519 -0.0065507886774641318 -0.76415606340102171 -0.58768130122009343 2 0 0.25 0.40000000000000002 0.25 -0.40000000000000002 -1 0
0.17424556021328838 -0.20243888097869869 0.75409348506272733 0.55464058771898195 -0.82165189043325737 0.13138489031162059 -0.82883671681764881 0.073508607044908622 -0.55949056904914896 -0.10889662112533052 0 -0.99133143327436324 -0.7318719084856764 0.6066832027921657 0.39852386027679954 0.75045274698884712 -0.55275875602256308 -0.26221396985426471 2e-200 0 2.5e-201 4.0000000000000005e-201 2.5e-201 -4.0000000000000005e-201 -9.9999999999999998e-201 0
-0.72970198506570427 0.26775042552601219 0.54620941279129398 -0.95957706741988769 -0.053455069107654053 -0.27632301255694253 0.27671864946623587 0.051367701130484285 0 -0.99857025570897906 -0.96095098159978087 0.014792014530594335 0.47033714762394169 -0.83515370088798424 -0.7460960160700767 -0.54887294914703966 0.47130001312256936 -0.035451115465302961 1.9999999999999999e+200 0 2.4999999999999999e+199 4.0000000000000004e+199 2.4999999999999999e+199 -4.0000000000000004e+199 -9.9999999999999997e+199 0
-0 -0 0 0.26686701124680523 -0.72089918554406474 -0.63959859489378312 0 -0.96373336473746596 -0.663667585139608 -0.19962389816067924 0.74802763079645729 -0.17711098490759183 -0.96270486864911831 -0.04451218021487513 -0.16875788828770202 -0.67217939526779569 -0.21147130070049569 0.73904906900011635 2 0 0.25 0.40000000000000002 0.25 -0.40000000000000002 -1 0
0.0013282292030832356 0.0083973543536220736 0.0052650020934261067 -0.58348243341938999 -0.79493911390190397 0.16619282499507249 -0.80615002140862557 -0.098338155737534183 0.59171119896692204 -0.13397634942773765 0 -0.98609327394529822 0.13025062273057572 0.80343856769807631 -0.28502338809987759 -0.53088161810665657 -0.94962963491793129 0.26953882000877266 2e-200 0 2.5e-201 4.0000000000000005e-201 2.5e-201 -4.0000000000000005e-201 -9.9999999999999998e-201 0
-0.079007903828200721 0.27914355907813415 -0.076397804666534855 -0.67521609625258794 0.73147681451517943 -0.094999437830661032 0.7348000756268841 0.064436575173896934 0.67828375246553363 -0.069805594102481203 -0 -0.9954773261164005 -0.2849369100166993 -0.55263917185025269 -0.40618484318161252 -0.67047180463660594 -0.86823086243214387 0.49503283216772576 1.9999999999999999e+200 0 2.4999999999999999e+199 4.0000000000000004e+199 2.4999999999999999e+199 -4.0000000000000004e+199 -9.9999999999999997e+199 0
-0.40627778656364827 0.2641758216973254 -0.35376474580642664 -0.66316024065499724 0.36793279689781822 -0.65180054631869944 0.70097206522376432 -0.26240552393258959 0 -0.9298523845035559 -0.71318872942295619 -0.25791061250501945 -0.65157412253586378 -0.40228513120798243 -0.69454209120627775 0.65730495828955637 0.30506138133895233 0.63727299096771761 2 0 0.25 0.40000000000000002 0.25 -0.40000000000000002 -1 0
0.53272039702317875 0.59627868763703495 -0.025704187700102861 0.044511882959267793 0.54161067842554089 0.83945015652559496 0 -0.99900885495345859 0.84028299885760549 0.024132029469038526 -0.54214802575576082 0.03740257849781229 -0.22008653553671825 -0.77730426762655325 0.96918626972061317 -0.10571892393925625 0.11063404295463282 -0.62017867155415263 2e-200 0 2.5e-201 4.0000000000000005e-201 2.5e-201 -4.0000000000000005e-201 -9.9999999999999998e-201 0
0.7030641431942467 0.043704737527029712 0.63740937118325536 0.46608565863329326 0.027110673125748677 -0.88432413187645065 0.88464929520757563 0.012640542120847397 -0 -0.99963243815047775 0.46625703693214077 -0.023983437873296529 0.81419866655208595 -0.17560896525856814 -0.23329798390881576 -0.97177982086698778 -0.53165080841553047 0.1574975272076998 1.9999999999999999e+200 0 2.4999999999999999e+199 4.0000000000000004e+199 2.4999999999999999e+199 -4.0000000000000004e+199 -9.9999999999999997e+199 0
-0 -0 0 0.60281307216764468 0.59384136903681528 -0.53288725678541693 0.70178565092822154 -0.37962257595545917 -0.71238816676812677 -0.37397263037450817 0 -0.84618625110297851 0.45899970520909644 -0.65263747260004046 -0.80439770006682043 -0.017226971518249212 -0.37717848658847475 -0.75747446215073211 2 0 0.25 0.40000000000000002 0.25 -0.40000000000000002 -1 0
0.0077721281858209234 0.0061908829082322359 -0.0011256075158446314 -0.85800971728817432 -0.2711317471635995 0.43624179157788323 -0.45321833229602732 0.24168671521181112 0 -0.96254224617936346 -0.89139954188388937 -0.12288187828199471 -0.19046728947559183 -0.47669142503551626 -0.61370684408617571 0.74012848839703527 -0.7662154534865554 -0.47431540767798031 2e-200 0 2.5e-201 4.0000000000000005e-201 2.5e-201 -4.0000000000000005e-201 -9.9999999999999998e-201 0
-0.072299873064112799 -0.16310001749609912 -0.24118688324136808 -0.60524901989525548 -0.72224974147173915 -0.33470723753728193 -0.76645734047775871 0.2149808576213095 0.64229521656926669 0.25653881912148258 0 -0.94232216632113752 -0.36970842722200553 0.6348896737560199 0.50256431624363385 -0.47747215108611685 -0.78150162308187165 -0.60740056560326905 1.9999999999999999e+200 0 2.4999999999999999e+199 4.0000000000000004e+199 2.4999999999999999e+199 -4.0000000000000004e+199 -9.9999999999999997e+199 0
0.25890815158239172 0.48672646986206425 -0.23677819278768553 -0.56503985773935617 0.57864824688659866 0.58812937823318612 0 -0.82506360916349242 0.71282913426453642 -0.39628377675440801 -0.70133773985411019 -0.40277687261730205 -0.70010826435564799 0.08686391512957102 -0.098359728017423043 -0.99484267135354842 -0.7072296530019514 0.052370979583146959 2 0 0.25 0.40000000000000002 0.25 -0.40000000000000002 -1 0
0.36492712496992835 -0.065472249559981141 0.70890167019039951 -0.68564317753587012 -0.59179935694087094 0.42387138877599045 -0.65340038425188429 -0.32087594325222502 0.75701250839037648 -0.27695772829961202 0 -0.90572238891236045 0.34821416520179271 0.43593192050106278 0.33933724275421617 -0.88387030422466861 -0.8738404492999764 -0.16951886620092341 2e-200 0 2.5e-201 4.0000000000000005e-201 2.5e-201 -4.0000000000000005e-201 -9.9999999999999998e-201 0
0.021575305560662533 0.94344995115347596 0.10925518687214741 0.80563358305599619 -0.59123215336164503 -0.037404153294914165 -0.59164617563366562 -0.030155144012504 -0.80619774426505164 0.022130024249751339 0 -0.99930021981198947 -0.029947236410684686 0.98925383800676014 0.1044171859173449 0.14548542503989728 -0.99408259934296461 -0.014520161495484362 1.9999999999999999e+200 0 2.4999999999999999e+199 4.0000000000000004e+199 2.4999999999999999e+199 -4.0000000000000004e+199 -9.9999999999999997e+199 0
