0.00000000000000000e0 -1.00000000000000000e0 1.00000000000000000e0 0.00000000000000000e0 0.00000000000000000e0 0.00000000000000000e0 1.00000000000000000e0 0.00000000000000000e0 0.00000000000000000e0 -1.00000000000000000e0 2.00000000000000000e0 0.00000000000000000e0 -2.50000000000000000e-1 -4.00000000000000022e-1 -2.50000000000000000e-1 4.00000000000000022e-1 -1.00000000000000000e0 0.00000000000000000e0 2.00000000000000000e0 0.00000000000000000e0 2.50000000000000000e-1 4.00000000000000022e-1 2.50000000000000000e-1 -4.00000000000000022e-1 -1.00000000000000000e0 0.00000000000000000e0 2.00000000000000000e0 0.00000000000000000e0 2.50000000000000000e-1 4.00000000000000022e-1 2.50000000000000000e-1 -4.00000000000000022e-1 -1.00000000000000000e0 0.00000000000000000e0
0.00000000000000000e0 -1.00000000000000000e0 1.00000000000000000e0 0.00000000000000000e0 0.00000000000000000e0 0.00000000000000000e0 9.73437930686678943e-1 2.28951075779163793e-1 -2.28951075779163793e-1 9.73437930686678943e-1 1.95417904541616970e-200 0.00000000000000000e0 -4.44818281855092899e-201 4.00000000000000051e-201 -4.44818281855092899e-201 -4.00000000000000051e-201 -9.54179045416169858e-201 0.00000000000000000e0 1.99999999999999967e-200 0.00000000000000000e0 2.49999999999999959e-201 4.00000000000000051e-201 2.49999999999999923e-201 -4.00000000000000051e-201 -9.99999999999999837e-201 0.00000000000000000e0 9.99999999999999837e-201 0.00000000000000000e0 1.24999999999999980e-201 2.00000000000000025e-201 1.24999999999999962e-201 -2.00000000000000025e-201 -4.99999999999999919e-201 0.00000000000000000e0
0.00000000000000000e0 -1.00000000000000000e0 1.00000000000000000e0 0.00000000000000000e0 0.00000000000000000e0 0.00000000000000000e0 8.95162809799127213e-1 4.45739322869916466e-1 -4.45739322869916466e-1 8.95162809799127213e-1 1.60345400049150280e200 2.12455197126706839e183 -1.04636956607085026e200 4.00000000000000039e199 -1.04636956607085026e200 -4.00000000000000039e199 -6.03454000491502577e199 2.12455197126706839e183 2.00000000000000062e200 0.00000000000000000e0 2.50000000000000162e199 4.00000000000000124e199 2.50000000000000035e199 -4.00000000000000124e199 -1.00000000000000014e200 0.00000000000000000e0 4.00000000000000124e200 0.00000000000000000e0 5.00000000000000325e199 8.00000000000000248e199 5.00000000000000070e199 -8.00000000000000248e199 -2.00000000000000028e200 0.00000000000000000e0
2.84436328289500370e-2 -9.73305847091903265e-1 -4.53156330545182229e-1 -2.15633243301001865e-1 8.90977160110357547e-1 -7.86004605597432765e-2 7.69332935710392296e-1 6.38848052381182252e-1 -6.38848052381182252e-1 7.69332935710392407e-1 1.02136292171195220e0 2.77555756156289135e-17 -1.42852395984945901e0 4.00000000000000189e-1 -1.42852395984945924e0 -4.00000000000000189e-1 -2.13629217119518655e-2 2.77555756156289135e-17 2.00000000000000178e0 -2.77555756156289135e-17 2.50000000000000222e-1 4.00000000000000355e-1 2.50000000000000111e-1 -4.00000000000000355e-1 -1.00000000000000133e0 0.00000000000000000e0 3.81837918023983436e0 -5.29906560331448840e-17 4.77297397529979295e-1 7.63675836047966849e-1 4.77297397529979073e-1 -7.63675836047966849e-1 -1.90918959011991785e0 0.00000000000000000e0
5.64263739818291254e-1 -4.46849734366359941e-1 -8.21805748354598409e-1 -3.84469825438115587e-1 7.90047080724566586e-2 -8.07779838956320217e-1 6.02632912094936635e-1 7.98018529396389620e-1 -7.98018529396389398e-1 6.02632912094936857e-1 3.29955395358003471e-201 0.00000000000000000e0 -1.51115347745758321e-200 3.99999999999999978e-201 -1.51115347745758321e-200 -4.00000000000000051e-201 6.70044604641995568e-201 0.00000000000000000e0 1.99999999999999851e-200 3.62604439982444730e-217 2.49999999999999850e-201 4.00000000000000051e-201 2.49999999999999996e-201 -3.99999999999999978e-201 -1.00000000000000056e-200 -3.62604439982444730e-217 5.77854947978098476e-200 1.04766384901341644e-216 7.22318684972623240e-201 1.15570989595619797e-200 7.22318684972623675e-201 -1.15570989595619782e-200 -2.88927473989049644e-200 -1.04766384901341644e-216
-6.96173216031785586e-2 -1.32297536142347294e-2 -9.72815134665838577e-1 -2.20488695782010941e-1 -2.20871325205165531e-1 9.75299804496881695e-1 4.03918534116372963e-1 9.14794959429314991e-1 -9.14794959429314103e-1 4.03918534116373351e-1 -3.25798133876975095e199 0.00000000000000000e0 -1.27693282598784733e200 4.00000000000000379e199 -1.27693282598784733e200 -4.00000000000000379e199 1.32579813387697328e200 2.12455197126706839e183 2.00000000000000028e200 0.00000000000000000e0 2.50000000000000502e199 4.00000000000000719e199 2.50000000000000417e199 -4.00000000000000719e199 -1.00000000000000371e200 0.00000000000000000e0 1.53488718804317490e200 0.00000000000000000e0 1.91860898505397202e199 3.06977437608635498e199 1.91860898505397160e199 -3.06977437608635498e199 -7.67443594021590168e199 0.00000000000000000e0
-5.45889949121876716e-1 -1.64556998156707074e-1 8.37856887211482548e-1 -1.07214027505797296e-1 0.00000000000000000e0 -9.80523404444605839e-1 1.83746331937540808e-1 9.82973695222562838e-1 -9.82973695222562505e-1 1.83746331937540863e-1 -8.08402951054379981e-1 0.00000000000000000e0 -7.74972075414457895e-1 4.00000000000000189e-1 -7.74972075414457895e-1 -4.00000000000000244e-1 1.80840295105437954e0 0.00000000000000000e0 2.00000000000000089e0 1.38777878078144568e-17 2.50000000000000278e-1 4.00000000000000466e-1 2.50000000000000222e-1 -4.00000000000000355e-1 -1.00000000000000178e0 -1.38777878078144568e-17 2.00000000000000089e0 1.38777878078144568e-17 2.50000000000000278e-1 4.00000000000000466e-1 2.50000000000000222e-1 -4.00000000000000355e-1 -1.00000000000000178e0 -1.38777878078144568e-17
-2.21168415489365749e-1 5.44962564837189745e-3 9.75235628958418199e-1 1.23593564185417925e-3 4.34040528382134676e-8 -9.99984386899806510e-1 -4.61872358512780759e-2 9.98932800164464840e-1 9.98932800164464840e-1 4.61872358512780759e-2 -1.01666919015364241e-200 -2.26627774989027956e-218 1.10519535099887970e-201 -4.00000000000000123e-201 1.10519535099887970e-201 4.00000000000000123e-201 2.01666919015364282e-200 -2.26627774989027956e-218 2.00000000000000112e-200 0.00000000000000000e0 2.50000000000000141e-201 4.00000000000000196e-201 2.50000000000000177e-201 -4.00000000000000196e-201 -1.00000000000000056e-200 0.00000000000000000e0 2.01058115510113141e-200 0.00000000000000000e0 2.51322644387641426e-201 4.02116231020226239e-201 2.51322644387641463e-201 -4.02116231020226239e-201 -1.00529057755056571e-200 0.00000000000000000e0
-2.33863328001439497e-1 2.02244180859179612e-1 5.77745426083854097e-2 -9.73507067178773666e-1 -9.70551413394717066e-1 -1.06683088920326449e-1 -2.73667146519952498e-1 9.61824460551730431e-1 -9.61824460551730320e-1 -2.73667146519952498e-1 -9.06928756533023213e199 2.12455197126706839e183 5.77106120259040552e199 4.00000000000000124e199 5.77106120259040382e199 -4.00000000000000124e199 1.90692875653302318e200 0.00000000000000000e0 2.00000000000000096e200 0.00000000000000000e0 2.50000000000000162e199 4.00000000000000209e199 2.49999999999999992e199 -4.00000000000000209e199 -1.00000000000000065e200 0.00000000000000000e0 1.63268919984211253e200 0.00000000000000000e0 2.04086149980264108e199 3.26537839968422531e199 2.04086149980263981e199 -3.26537839968422531e199 -8.16344599921056433e199 0.00000000000000000e0
-7.57713999495538859e-1 7.53996320262675934e-2 6.51923753041927845e-1 1.32221181085178552e-1 2.94094404605333704e-2 -9.88348346871053218e-1 -4.86608725759343108e-1 8.73620024962150188e-1 -8.73620024962150077e-1 -4.86608725759343164e-1 -5.02191407616943586e-1 0.00000000000000000e0 1.14372740742659817e0 3.99999999999999800e-1 1.14372740742659817e0 -3.99999999999999800e-1 1.50219140761694248e0 -2.77555756156289135e-17 1.99999999999999734e0 -2.77555756156289135e-17 2.49999999999999778e-1 3.99999999999999578e-1 2.49999999999999833e-1 -3.99999999999999578e-1 -9.99999999999999223e-1 0.00000000000000000e0 1.90288197598517894e0 -2.64077922860370321e-17 2.37860246998147451e-1 3.80576395197035899e-1 2.37860246998147506e-1 -3.80576395197035899e-1 -9.51440987992589915e-1 0.00000000000000000e0
-7.17433381175689222e-1 -5.20053985788053508e-1 -2.90889047173728210e-1 -3.80924004606894795e-1 -6.32987287241362218e-1 7.64487249455610751e-1 -6.73699635594560919e-1 7.39005278059470694e-1 -7.39005278059470805e-1 -6.73699635594560697e-1 1.12679803735171492e-201 0.00000000000000000e0 1.47053835909348975e-200 3.99999999999999906e-201 1.47053835909349004e-200 -3.99999999999999906e-201 8.87320196264828925e-201 0.00000000000000000e0 1.99999999999999967e-200 0.00000000000000000e0 2.49999999999999415e-201 3.99999999999999761e-201 2.49999999999999850e-201 -3.99999999999999761e-201 -9.99999999999999112e-201 0.00000000000000000e0 2.42838623003195360e-200 0.00000000000000000e0 3.03548278753993548e-201 4.85677246006390503e-201 3.03548278753994091e-201 -4.85677246006390503e-201 -1.21419311501597593e-200 0.00000000000000000e0
2.58178652738261516e-1 2.19891373713459681e-1 -7.87457862042275081e-1 -5.16228418993580962e-1 5.59690895743414352e-1 -8.27741507470656335e-1 1.00000000000000000e0 -1.11022302462515654e-16 -1.11022302462515654e-16 9.99999999999999334e-1 1.99999999999999994e200 0.00000000000000000e0 2.49999999999999737e199 3.99999999999999784e199 2.49999999999999737e199 -3.99999999999999784e199 -9.99999999999998610e199 0.00000000000000000e0 1.99999999999999994e200 0.00000000000000000e0 2.49999999999999483e199 3.99999999999999529e199 2.49999999999999483e199 -3.99999999999999529e199 -9.99999999999997250e199 0.00000000000000000e0 6.07676677663721334e200 0.00000000000000000e0 7.59595847079650053e199 1.21535335532744127e200 7.59595847079650053e199 -1.21535335532744127e200 -3.03838338831859817e200 0.00000000000000000e0
0.00000000000000000e0 -9.43095462459619949e-1 5.52515850086717220e-1 -2.77157967460796517e-1 8.33502390760189948e-1 1.83723732166195419e-1 9.73437930686679165e-1 2.28951075779163848e-1 -2.28951075779163821e-1 9.73437930686679276e-1 1.95417904541617093e0 -1.38777878078144568e-17 -4.44818281855093089e-1 4.00000000000000244e-1 -4.44818281855093089e-1 -4.00000000000000244e-1 -9.54179045416170712e-1 0.00000000000000000e0 2.00000000000000178e0 0.00000000000000000e0 2.50000000000000222e-1 4.00000000000000466e-1 2.50000000000000333e-1 -4.00000000000000466e-1 -1.00000000000000133e0 0.00000000000000000e0 2.00000000000000178e0 0.00000000000000000e0 2.50000000000000222e-1 4.00000000000000466e-1 2.50000000000000333e-1 -4.00000000000000466e-1 -1.00000000000000133e0 0.00000000000000000e0
-6.80271239941177996e-1 2.83611152600829974e-1 7.32958884543839617e-1 2.65136659423318322e-1 1.52107762546324697e-3 -9.21556979220640615e-1 8.95162809799127324e-1 4.45739322869916577e-1 -4.45739322869916466e-1 8.95162809799127435e-1 1.60345400049150315e-200 0.00000000000000000e0 -1.04636956607085054e-200 4.00000000000000196e-201 -1.04636956607085039e-200 -4.00000000000000196e-201 -6.03454000491502950e-201 1.81302219991222365e-217 2.00000000000000112e-200 0.00000000000000000e0 2.50000000000000141e-201 4.00000000000000341e-201 2.50000000000000358e-201 -4.00000000000000341e-201 -1.00000000000000129e-200 1.81302219991222365e-217 2.01479531063430560e-200 0.00000000000000000e0 2.51849413829288200e-201 4.02959062126861222e-201 2.51849413829288418e-201 -4.02959062126861222e-201 -1.00739765531715353e-200 1.82643431322951928e-217
-9.53370473171125443e-1 1.52512805786357508e-1 -1.28869944378774727e-2 -8.82705287514829018e-1 -3.01527223082464602e-1 -4.44489841801290031e-1 7.69332935710392185e-1 6.38848052381182141e-1 6.38848052381182141e-1 -7.69332935710392185e-1 1.02136292171195196e200 -4.24910394253413679e183 1.42852395984945856e200 -4.00000000000000124e199 1.42852395984945856e200 4.00000000000000124e199 -2.13629217119518235e198 -4.24910394253413679e183 2.00000000000000062e200 -4.24910394253413679e183 2.50000000000000247e199 4.00000000000000124e199 2.50000000000000120e199 -4.00000000000000124e199 -1.00000000000000031e200 -4.24910394253413679e183 1.67656681216793841e200 -3.56195332575233703e183 2.09570851520992429e199 3.35313362433587648e199 2.09570851520992344e199 -3.35313362433587648e199 -8.38283406083969205e199 -3.56195332575233703e183
-8.32388415217045430e-1 1.81460524262841955e-1 -5.52888688163710285e-1 -2.07129517972743815e-1 -3.79950616931606783e-2 -9.61337319008594871e-1 6.02632912094936746e-1 7.98018529396389176e-1 -7.98018529396389398e-1 6.02632912094936524e-1 3.29955395358004222e-1 -2.77555756156289135e-17 -1.51115347745758277e0 3.99999999999999800e-1 -1.51115347745758277e0 -3.99999999999999800e-1 6.70044604641996111e-1 0.00000000000000000e0 1.99999999999999911e0 0.00000000000000000e0 2.49999999999999667e-1 3.99999999999999578e-1 2.49999999999999778e-1 -3.99999999999999578e-1 -9.99999999999998335e-1 -2.77555756156289135e-17 3.85095104997544002e0 0.00000000000000000e0 4.81368881246929559e-1 7.70190209995087582e-1 4.81368881246929781e-1 -7.70190209995087582e-1 -1.92547552498771779e0 -5.34426815298394669e-17
-1.79860413285758969e-2 5.01479981168819311e-1 -4.41851670750321723e-1 -7.80047033652363497e-1 -8.96907800931888488e-1 3.74225137820896725e-1 4.03918534116373074e-1 9.14794959429314214e-1 -9.14794959429314103e-1 4.03918534116373018e-1 -3.25798133876973442e-201 0.00000000000000000e0 -1.27693282598784677e-200 4.00000000000000051e-201 -1.27693282598784677e-200 -4.00000000000000123e-201 1.32579813387697371e-200 0.00000000000000000e0 2.00000000000000083e-200 3.62604439982444730e-217 2.49999999999999996e-201 4.00000000000000196e-201 2.49999999999999996e-201 -4.00000000000000051e-201 -1.00000000000000027e-200 -3.62604439982444730e-217 3.64099481658091744e-200 6.60120443222653527e-217 4.55124352072614462e-201 7.28198963316183545e-201 4.55124352072614462e-201 -7.28198963316183255e-201 -1.82049740829045843e-200 -6.60120443222653527e-217
9.49924424325373273e-1 5.93776199364222379e-2 -8.93478524349214792e-2 -8.89178592514235033e-1 -2.99433714426709074e-1 4.53691226347930909e-1 1.83746331937540863e-1 9.82973695222562061e-1 -9.82973695222562505e-1 1.83746331937540752e-1 -8.08402951054378306e199 1.06227598563353420e183 -7.74972075414457578e199 3.99999999999999954e199 -7.74972075414457578e199 -3.99999999999999954e199 1.80840295105437964e200 1.06227598563353420e183 2.00000000000000062e200 0.00000000000000000e0 2.49999999999999907e199 3.99999999999999784e199 2.49999999999999907e199 -3.99999999999999784e199 -9.99999999999998270e199 1.06227598563353420e183 8.26584165424103070e200 0.00000000000000000e0 1.03323020678012799e200 1.65316833084820478e200 1.03323020678012799e200 -1.65316833084820478e200 -4.13292082712050651e200 4.39030254517480517e183
7.56324230327380054e-1 2.27969575831161349e-2 -6.54196957054751338e-1 2.63558110625898637e-2 0.00000000000000000e0 -9.99392650537408445e-1 -4.61872358512780690e-2 9.98932800164464729e-1 -9.98932800164464840e-1 -4.61872358512780551e-2 -1.01666919015364221e0 0.00000000000000000e0 -1.10519535099887961e-1 4.00000000000000078e-1 -1.10519535099887989e-1 -4.00000000000000022e-1 2.01666919015364243e0 0.00000000000000000e0 2.00000000000000089e0 3.46944695195361419e-18 2.50000000000000056e-1 4.00000000000000022e-1 2.50000000000000056e-1 -4.00000000000000133e-1 -1.00000000000000000e0 -3.46944695195361419e-18 2.00000000000000089e0 3.46944695195361419e-18 2.50000000000000056e-1 4.00000000000000022e-1 2.50000000000000056e-1 -4.00000000000000133e-1 -1.00000000000000000e0 -3.46944695195361419e-18
1.13111981142939763e-5 -9.99083237281234826e-1 -3.49607063198845103e-1 -4.01123635407954551e-2 -9.36896419692985982e-1 1.49560447585274040e-2 -2.73667146519952498e-1 9.61824460551730431e-1 -9.61824460551730320e-1 -2.73667146519952498e-1 -9.06928756533023370e-201 1.81302219991222365e-217 5.77106120259040505e-201 4.00000000000000196e-201 5.77106120259040505e-201 -4.00000000000000123e-201 1.90692875653302306e-200 0.00000000000000000e0 2.00000000000000054e-200 1.81302219991222365e-217 2.50000000000000104e-201 4.00000000000000196e-201 2.50000000000000068e-201 -4.00000000000000341e-201 -1.00000000000000085e-200 -1.81302219991222365e-217 1.98811033199256514e-200 1.80224408388869039e-217 2.48513791499070678e-201 3.97622066398513129e-201 2.48513791499070642e-201 -3.97622066398513274e-201 -9.94055165996283149e-201 -1.80224408388869039e-217
9.63578218751854010e-1 2.00290958062780029e-2 3.06213999932497972e-3 -9.97952352030419876e-1 2.67409124088219263e-1 -6.07448631419619384e-2 -4.86608725759343275e-1 8.73620024962150299e-1 -8.73620024962150299e-1 -4.86608725759343164e-1 -5.02191407616943244e199 -2.12455197126706839e183 1.14372740742659873e200 3.99999999999999954e199 1.14372740742659873e200 -3.99999999999999954e199 1.50219140761694330e200 -2.12455197126706839e183 1.99999999999999926e200 2.12455197126706839e183 2.49999999999999568e199 3.99999999999999869e199 2.49999999999999610e199 -3.99999999999999869e199 -9.99999999999999460e199 2.12455197126706839e183 1.54081554525172609e200 1.63677135201174940e183 1.92601943156465506e199 3.08163109050345243e199 1.92601943156465549e199 -3.08163109050345243e199 -7.70407772625862874e199 1.63677135201174940e183
-1.58078259838267824e-3 -9.80516374098554744e-1 -5.14627666739337464e-1 1.69220451780941583e-1 8.57412307908395954e-1 9.97601063736265614e-2 -6.73699635594560808e-1 7.39005278059471027e-1 7.39005278059470694e-1 6.73699635594560919e-1 1.12679803735170725e-1 0.00000000000000000e0 -1.47053835909348973e0 -4.00000000000000022e-1 -1.47053835909348996e0 3.99999999999999967e-1 8.87320196264828276e-1 -2.77555756156289135e-17 1.99999999999999845e0 2.77555756156289135e-17 2.49999999999999778e-1 3.99999999999999967e-1 2.49999999999999944e-1 -3.99999999999999967e-1 -1.00000000000000044e0 -2.77555756156289135e-17 2.09287060261139635e0 2.90444141322537558e-17 2.61608825326424543e-1 4.18574120522279602e-1 2.61608825326424710e-1 -4.18574120522279602e-1 -1.04643530130569951e0 -2.90444141322537558e-17
-5.89631537708180109e-2 -3.13272076578695713e-1 9.96801163653320499e-1 3.28388568890466415e-2 5.39517065233823256e-2 -9.49095472286267117e-1 1.00000000000000000e0 1.38777878078144568e-17 0.00000000000000000e0 9.99999999999999778e-1 1.99999999999999996e-200 0.00000000000000000e0 2.49999999999999923e-201 3.99999999999999978e-201 2.49999999999999923e-201 -3.99999999999999978e-201 -9.99999999999999402e-201 0.00000000000000000e0 1.99999999999999996e-200 0.00000000000000000e0 2.49999999999999887e-201 3.99999999999999906e-201 2.49999999999999887e-201 -3.99999999999999906e-201 -9.99999999999998822e-201 0.00000000000000000e0 3.27234488626562323e-200 0.00000000000000000e0 4.09043110783202759e-201 6.54468977253124501e-201 4.09043110783202759e-201 -6.54468977253124501e-201 -1.63617244313280987e-200 0.00000000000000000e0
6.68709454264632130e-2 5.22652374781912954e-1 3.77089445134466905e-1 -8.01886288571684536e-1 9.23759615390256084e-1 2.89504534222792431e-1 9.73437930686680497e-1 2.28951075779164237e-1 -2.28951075779163349e-1 9.73437930686678943e-1 1.95417904541617575e200 0.00000000000000000e0 -4.44818281855092765e199 4.00000000000000634e199 -4.44818281855092850e199 -4.00000000000000634e199 -9.54179045416169999e199 0.00000000000000000e0 2.00000000000001150e200 1.06227598563353420e183 2.50000000000001820e199 4.00000000000001229e199 2.50000000000001820e199 -4.00000000000001229e199 -9.99999999999999630e199 0.00000000000000000e0 4.91126140565945417e199 2.60855752520040148e182 6.13907675707432621e198 9.82252281131888030e198 6.13907675707432621e198 -9.82252281131888030e198 -2.45563070282971179e199 0.00000000000000000e0
-2.53119954875855313e-1 1.38071642295470282e-1 0.00000000000000000e0 -9.89763203168913197e-1 -9.67434901398354974e-1 -3.61251054897326479e-2 8.95162809799127213e-1 4.45739322869916466e-1 -4.45739322869916410e-1 8.95162809799127213e-1 1.60345400049150233e0 0.00000000000000000e0 -1.04636956607085008e0 4.00000000000000022e-1 -1.04636956607085008e0 -4.00000000000000022e-1 -6.03454000491502773e-1 0.00000000000000000e0 1.99999999999999978e0 0.00000000000000000e0 2.50000000000000000e-1 4.00000000000000022e-1 2.50000000000000000e-1 -4.00000000000000022e-1 -1.00000000000000022e0 0.00000000000000000e0 1.99999999999999978e0 0.00000000000000000e0 2.50000000000000000e-1 4.00000000000000022e-1 2.50000000000000000e-1 -4.00000000000000022e-1 -1.00000000000000022e0 0.00000000000000000e0
-4.81739401866978514e-4 -9.97801464496630652e-1 9.86684779185261651e-1 1.03044674141658313e-2 -1.62643519548982179e-1 6.54679723199778352e-2 7.69332935710392185e-1 6.38848052381182030e-1 -6.38848052381182141e-1 7.69332935710392185e-1 1.02136292171195194e-200 0.00000000000000000e0 -1.42852395984945853e-200 4.00000000000000051e-201 -1.42852395984945853e-200 -4.00000000000000051e-201 -2.13629217119518133e-202 0.00000000000000000e0 1.99999999999999996e-200 0.00000000000000000e0 2.49999999999999705e-201 4.00000000000000051e-201 2.49999999999999923e-201 -4.00000000000000051e-201 -9.99999999999999982e-201 0.00000000000000000e0 1.99217525796648943e-200 0.00000000000000000e0 2.49021907245810889e-201 3.98435051593297930e-201 2.49021907245811107e-201 -3.98435051593297930e-201 -9.96087628983244717e-201 0.00000000000000000e0
-7.74330880531053589e-1 3.06787554441200316e-1 6.32676456638991858e-1 3.59461158258571778e-1 -1.14973332009149637e-2 -8.81288302511382016e-1 6.02632912094936635e-1 7.98018529396389287e-1 -7.98018529396389398e-1 6.02632912094936524e-1 3.29955395358003834e199 -4.24910394253413679e183 -1.51115347745758263e200 3.99999999999999784e199 -1.51115347745758280e200 -3.99999999999999784e199 6.70044604641995966e199 -4.24910394253413679e183 1.99999999999999824e200 -8.49820788506827358e183 2.49999999999999907e199 3.99999999999999529e199 2.49999999999999737e199 -3.99999999999999529e199 -9.99999999999998780e199 -8.49820788506827358e183 1.93602079964823904e200 -8.22635361261343122e183 2.42002599956029965e199 3.87204159929647655e199 2.42002599956029838e199 -3.87204159929647655e199 -9.68010399824119180e199 -8.22635361261343122e183
9.52565566848911249e-1 -2.92381162967567110e-1 -2.55938852280485740e-1 -9.19772240433467170e-1 1.64663732337027247e-1 2.61786709497891179e-1 4.03918534116372907e-1 9.14794959429314103e-1 -9.14794959429314214e-1 4.03918534116373018e-1 -3.25798133876973761e-1 0.00000000000000000e0 -1.27693282598784652e0 4.00000000000000078e-1 -1.27693282598784652e0 -4.00000000000000022e-1 1.32579813387697376e0 0.00000000000000000e0 2.00000000000000044e0 -2.77555756156289135e-17 2.50000000000000000e-1 4.00000000000000022e-1 2.49999999999999833e-1 -4.00000000000000078e-1 -1.00000000000000000e0 0.00000000000000000e0 2.28245330189182916e0 -3.16754026049002700e-17 2.85306662736478589e-1 4.56490660378365776e-1 2.85306662736478422e-1 -4.56490660378365831e-1 -1.14122665094591436e0 0.00000000000000000e0
-8.67617803583010549e-1 2.33321791346353363e-1 9.49363821455340429e-2 -7.89092769600348354e-1 -4.88084449917132512e-1 -5.68237223919183521e-1 1.83746331937540808e-1 9.82973695222562283e-1 9.82973695222562505e-1 -1.83746331937540724e-1 -8.08402951054378819e-201 0.00000000000000000e0 7.74972075414457558e-201 -3.99999999999999978e-201 7.74972075414457268e-201 4.00000000000000051e-201 1.80840295105437938e-200 0.00000000000000000e0 2.00000000000000025e-200 1.81302219991222365e-217 2.49999999999999705e-201 4.00000000000000051e-201 2.50000000000000032e-201 -3.99999999999999906e-201 -9.99999999999999112e-201 -1.81302219991222365e-217 4.30574266995463752e-200 3.90320352386854380e-217 5.38217833744328965e-201 8.61148533990927591e-201 5.38217833744329690e-201 -8.61148533990927156e-201 -2.15287133497731673e-200 -3.90320352386854380e-217
2.39500610359159205e-1 -6.33607243675389897e-1 -7.03689212293166055e-1 -6.35321780680582204e-1 -6.68925220140349053e-1 4.41483969986373292e-1 -4.61872358512783188e-2 9.98932800164464507e-1 -9.98932800164464840e-1 -4.61872358512784853e-2 -1.01666919015364183e200 0.00000000000000000e0 -1.10519535099886981e199 4.00000000000000039e199 -1.10519535099887003e199 -4.00000000000000039e199 2.01666919015364214e200 2.65568996408383549e182 2.00000000000000028e200 0.00000000000000000e0 2.50000000000000162e199 4.00000000000000039e199 2.50000000000000120e199 -4.00000000000000039e199 -9.99999999999999290e199 0.00000000000000000e0 1.10609887666935568e200 0.00000000000000000e0 1.38262359583669545e199 2.21219775333871119e199 1.38262359583669524e199 -2.21219775333871119e199 -5.53049438334677414e199 0.00000000000000000e0
0.00000000000000000e0 -9.78868079184552986e-1 3.46610706496639109e-1 -1.91816051683245198e-1 9.38009071460346067e-1 7.08793754924108010e-2 -2.73667146519952442e-1 9.61824460551729987e-1 -9.61824460551730098e-1 -2.73667146519952442e-1 -9.06928756533022407e-1 1.38777878078144568e-17 5.77106120259040178e-1 3.99999999999999911e-1 5.77106120259040289e-1 -3.99999999999999856e-1 1.90692875653302241e0 0.00000000000000000e0 1.99999999999999889e0 2.77555756156289135e-17 2.49999999999999778e-1 3.99999999999999634e-1 2.49999999999999889e-1 -3.99999999999999745e-1 -9.99999999999998890e-1 0.00000000000000000e0 1.99999999999999889e0 2.77555756156289135e-17 2.49999999999999778e-1 3.99999999999999634e-1 2.49999999999999889e-1 -3.99999999999999745e-1 -9.99999999999998890e-1 0.00000000000000000e0
-5.32593747067697909e-1 9.07715415129854014e-3 -3.62938773293730961e-6 -9.99942512236141057e-1 8.46371018272256692e-1 5.70766987381613779e-3 -4.86608725759343275e-1 8.73620024962150410e-1 -8.73620024962150410e-1 -4.86608725759343219e-1 -5.02191407616943537e-201 0.00000000000000000e0 1.14372740742659874e-200 4.00000000000000051e-201 1.14372740742659859e-200 -4.00000000000000051e-201 1.50219140761694337e-200 0.00000000000000000e0 1.99999999999999967e-200 0.00000000000000000e0 2.49999999999999996e-201 4.00000000000000051e-201 2.49999999999999778e-201 -4.00000000000000051e-201 -9.99999999999999982e-201 0.00000000000000000e0 1.98147238781121858e-200 0.00000000000000000e0 2.47684048476402359e-201 3.96294477562243847e-201 2.47684048476402141e-201 -3.96294477562243847e-201 -9.90736193905609436e-201 0.00000000000000000e0
-6.78093924298692752e-1 -4.02348735439998717e-1 7.31838413912370811e-1 -4.46859873303969812e-1 -6.78318933203565511e-2 -7.99019241771181665e-1 -6.73699635594560808e-1 7.39005278059470916e-1 -7.39005278059470916e-1 -6.73699635594561030e-1 1.12679803735170834e199 0.00000000000000000e0 1.47053835909348999e200 4.00000000000000039e199 1.47053835909348999e200 -4.00000000000000039e199 8.87320196264828795e199 0.00000000000000000e0 1.99999999999999960e200 0.00000000000000000e0 2.50000000000000077e199 4.00000000000000039e199 2.50000000000000035e199 -4.00000000000000039e199 -1.00000000000000031e200 0.00000000000000000e0 1.96949959127267138e200 0.00000000000000000e0 2.46187448909084049e199 3.93899918254534394e199 2.46187448909084007e199 -3.93899918254534394e199 -9.84749795636336197e199 0.00000000000000000e0
-9.91035997197925456e-1 6.46600189130852876e-2 -5.48608479118081610e-2 -9.94853907272229221e-1 -1.21811081697483475e-1 -7.80050327821083106e-2 9.99999999999999889e-1 -5.20417042793042128e-17 -5.20417042793042128e-17 9.99999999999999445e-1 1.99999999999999956e0 0.00000000000000000e0 2.49999999999999750e-1 3.99999999999999745e-1 2.49999999999999778e-1 -3.99999999999999745e-1 -9.99999999999998890e-1 3.08148791101957736e-33 1.99999999999999911e0 0.00000000000000000e0 2.49999999999999528e-1 3.99999999999999467e-1 2.49999999999999556e-1 -3.99999999999999467e-1 -9.99999999999997780e-1 3.08148791101957736e-33 1.10503168735007828e0 0.00000000000000000e0 1.38128960918759591e-1 2.21006337470015440e-1 1.38128960918759591e-1 -2.21006337470015440e-1 -5.52515843675038143e-1 1.70257089293141642e-33
-7.80622265845050900e-1 -5.14424689471365548e-1 -6.07250509086103563e-1 4.89862372879169117e-1 1.47904351800772299e-1 -7.03848062084054593e-1 9.73437930686678943e-1 2.28951075779163876e-1 -2.28951075779163737e-1 9.73437930686679054e-1 1.95417904541616970e-200 0.00000000000000000e0 -4.44818281855092826e-201 4.00000000000000123e-201 -4.44818281855092826e-201 -4.00000000000000051e-201 -9.54179045416170149e-201 0.00000000000000000e0 1.99999999999999967e-200 -1.81302219991222365e-217 2.50000000000000141e-201 4.00000000000000196e-201 2.50000000000000177e-201 -4.00000000000000051e-201 -1.00000000000000042e-200 1.81302219991222365e-217 3.65806853242575917e-200 -3.31607972904411543e-217 4.57258566553220259e-201 7.31613706485152415e-201 4.57258566553220332e-201 -7.31613706485152125e-201 -1.82903426621288075e-200 3.31607972904411543e-217
6.13343651822937819e-1 -4.94302211468089558e-1 1.57816670413318400e-1 -6.87518790795289991e-1 -7.73888534162483044e-1 -5.31961686628969810e-1 8.95162809799127102e-1 4.45739322869916410e-1 4.45739322869916466e-1 -8.95162809799127102e-1 1.60345400049150212e200 0.00000000000000000e0 1.04636956607084992e200 -3.99999999999999954e199 1.04636956607084992e200 3.99999999999999954e199 -6.03454000491502153e199 0.00000000000000000e0 1.99999999999999926e200 2.12455197126706839e183 2.49999999999999737e199 3.99999999999999869e199 2.49999999999999780e199 -3.99999999999999869e199 -9.99999999999999630e199 -2.12455197126706839e183 1.05014630989739664e201 1.11554520640567621e184 1.31268288737174478e200 2.10029261979479308e200 1.31268288737174512e200 -2.10029261979479308e200 -5.25073154948698321e200 -1.11554520640567621e184
0.00000000000000000e0 -9.96759644891903052e-1 -3.00993084266729050e-1 -7.67074294130191126e-2 9.53626322635654611e-1 -2.42111665934144522e-2 7.69332935710391963e-1 6.38848052381182141e-1 -6.38848052381182030e-1 7.69332935710392296e-1 1.02136292171195109e0 0.00000000000000000e0 -1.42852395984945835e0 4.00000000000000022e-1 -1.42852395984945812e0 -4.00000000000000022e-1 -2.13629217119521986e-2 -2.77555756156289135e-17 1.99999999999999845e0 0.00000000000000000e0 2.49999999999999889e-1 4.00000000000000022e-1 2.49999999999999889e-1 -4.00000000000000022e-1 -1.00000000000000067e0 2.77555756156289135e-17 1.99999999999999845e0 0.00000000000000000e0 2.49999999999999889e-1 4.00000000000000022e-1 2.49999999999999889e-1 -4.00000000000000022e-1 -1.00000000000000067e0 2.77555756156289135e-17
-3.20362719453162081e-1 5.47683419411560887e-2 -9.47294949430769306e-1 -1.86086310717751870e-2 8.22650044960361381e-5 -9.98325672098364536e-1 6.02632912094936857e-1 7.98018529396389620e-1 -7.98018529396389731e-1 6.02632912094936857e-1 3.29955395358003979e-201 0.00000000000000000e0 -1.51115347745758379e-200 4.00000000000000196e-201 -1.51115347745758379e-200 -4.00000000000000196e-201 6.70044604641996729e-201 0.00000000000000000e0 2.00000000000000170e-200 0.00000000000000000e0 2.49999999999999850e-201 4.00000000000000341e-201 2.49999999999999996e-201 -4.00000000000000341e-201 -1.00000000000000027e-200 0.00000000000000000e0 2.01525375149191027e-200 0.00000000000000000e0 2.51906718936488421e-201 4.03050750298382098e-201 2.51906718936488566e-201 -4.03050750298382098e-201 -1.00762687574595456e-200 0.00000000000000000e0
1.58841287375068058e-1 3.82035481804018251e-1 -9.86946500712044816e-1 8.62578610528375173e-2 -2.65716043414894743e-2 -9.20113293051111780e-1 4.03918534116372907e-1 9.14794959429314214e-1 -9.14794959429313992e-1 4.03918534116373018e-1 -3.25798133876973990e199 0.00000000000000000e0 -1.27693282598784631e200 4.00000000000000039e199 -1.27693282598784631e200 -4.00000000000000039e199 1.32579813387697294e200 -2.12455197126706839e183 1.99999999999999858e200 0.00000000000000000e0 2.49999999999999992e199 4.00000000000000039e199 2.49999999999999907e199 -4.00000000000000039e199 -1.00000000000000048e200 0.00000000000000000e0 1.66637445521460301e200 0.00000000000000000e0 2.08296806901825546e199 3.33274891042920899e199 2.08296806901825461e199 -3.33274891042920899e199 -8.33187227607302524e199 0.00000000000000000e0
5.04292094967517590e-1 6.12539719801637253e-2 8.63524159926671087e-1 -3.12222532662747784e-2 3.93804217972798173e-3 -9.97633761366178651e-1 1.83746331937540780e-1 9.82973695222562061e-1 -9.82973695222562505e-1 1.83746331937540752e-1 -8.08402951054378427e-1 1.38777878078144568e-17 -7.74972075414457451e-1 3.99999999999999911e-1 -7.74972075414457340e-1 -3.99999999999999911e-1 1.80840295105437954e0 0.00000000000000000e0 2.00000000000000044e0 0.00000000000000000e0 2.49999999999999833e-1 3.99999999999999800e-1 2.49999999999999806e-1 -3.99999999999999800e-1 -9.99999999999998446e-1 1.38777878078144568e-17 3.60772866241251533e0 0.00000000000000000e0 4.50966082801564028e-1 7.21545732482502533e-1 4.50966082801563972e-1 -7.21545732482502533e-1 -1.80386433120625433e0 2.50336464225655756e-17
-2.35652411640822346e-2 2.32414782888695631e-1 6.11248297379514416e-2 -9.70446722982773236e-1 -9.97851910154199606e-1 -6.49347868772751358e-2 -4.61872358512780551e-2 9.98932800164464840e-1 -9.98932800164464507e-1 -4.61872358512780343e-2 -1.01666919015364241e-200 -2.26627774989027956e-218 -1.10519535099888006e-201 3.99999999999999978e-201 -1.10519535099887988e-201 -4.00000000000000051e-201 2.01666919015364137e-200 0.00000000000000000e0 1.99999999999999822e-200 -4.53255549978055912e-218 2.49999999999999923e-201 4.00000000000000051e-201 2.49999999999999959e-201 -3.99999999999999906e-201 -1.00000000000000056e-200 4.53255549978055912e-218 3.12309987462406788e-200 -7.07781175654565336e-218 3.90387484328008703e-201 6.24619974924814272e-201 3.90387484328008775e-201 -6.24619974924813982e-201 -1.56154993731203626e-200 7.07781175654565336e-218
9.15175397929770873e-1 -3.05283390371191565e-2 3.06840562553894636e-1 -5.93783829512746664e-1 2.61348158967486810e-1 8.04045262609519917e-1 -2.73667146519952387e-1 9.61824460551729987e-1 -9.61824460551730098e-1 -2.73667146519952498e-1 -9.06928756533022533e199 2.12455197126706839e183 5.77106120259040213e199 3.99999999999999869e199 5.77106120259040213e199 -3.99999999999999869e199 1.90692875653302216e200 0.00000000000000000e0 1.99999999999999892e200 0.00000000000000000e0 2.49999999999999907e199 3.99999999999999784e199 2.49999999999999950e199 -3.99999999999999699e199 -9.99999999999999120e199 2.12455197126706839e183 3.16802529638195495e200 0.00000000000000000e0 3.96003162047744368e199 6.33605059276390955e199 3.96003162047744453e199 -6.33605059276390785e199 -1.58401264819097679e200 3.36531719422611204e183
-7.81299029148042168e-1 5.30555905213023482e-2 0.00000000000000000e0 -9.96380643078955686e-1 6.24156892978301459e-1 6.64132397342772907e-2 -4.86608725759343330e-1 8.73620024962150521e-1 8.73620024962150410e-1 4.86608725759343219e-1 -5.02191407616943697e-1 0.00000000000000000e0 -1.14372740742659906e0 -4.00000000000000078e-1 -1.14372740742659884e0 4.00000000000000078e-1 1.50219140761694381e0 2.77555756156289135e-17 2.00000000000000044e0 2.77555756156289135e-17 2.50000000000000111e-1 4.00000000000000133e-1 2.49999999999999806e-1 -4.00000000000000078e-1 -1.00000000000000044e0 0.00000000000000000e0 2.00000000000000044e0 2.77555756156289135e-17 2.50000000000000111e-1 4.00000000000000133e-1 2.49999999999999806e-1 -4.00000000000000078e-1 -1.00000000000000044e0 0.00000000000000000e0
-8.00756940883245116e-1 2.51015911802080077e-2 -3.77450799017317547e-5 -9.99123646492405593e-1 -5.98989415768439226e-1 -3.34940164796710543e-2 -6.73699635594561030e-1 7.39005278059471027e-1 -7.39005278059470916e-1 -6.73699635594561141e-1 1.12679803735171202e-201 3.62604439982444730e-217 1.47053835909349062e-200 4.00000000000000196e-201 1.47053835909349062e-200 -4.00000000000000196e-201 8.87320196264828925e-201 -3.62604439982444730e-217 2.00000000000000112e-200 0.00000000000000000e0 2.50000000000000431e-201 4.00000000000000341e-201 2.50000000000000213e-201 -4.00000000000000413e-201 -1.00000000000000085e-200 0.00000000000000000e0 1.99210012980486357e-200 0.00000000000000000e0 2.49012516225608236e-201 3.98420025960972844e-201 2.49012516225608019e-201 -3.98420025960972917e-201 -9.96050064902432074e-201 0.00000000000000000e0
-6.30716378017889046e-1 -1.30056138999932513e-1 -4.39400736404247025e-2 -9.78288908483257891e-1 7.74768430196061453e-1 -1.61357405305941087e-1 1.00000000000000000e0 0.00000000000000000e0 0.00000000000000000e0 9.99999999999999667e-1 1.99999999999999994e200 0.00000000000000000e0 2.49999999999999907e199 3.99999999999999869e199 2.49999999999999907e199 -3.99999999999999869e199 -9.99999999999999290e199 0.00000000000000000e0 1.99999999999999994e200 0.00000000000000000e0 2.49999999999999822e199 3.99999999999999699e199 2.49999999999999822e199 -3.99999999999999699e199 -9.99999999999998610e199 0.00000000000000000e0 2.12918752292229788e200 0.00000000000000000e0 2.66148440365287023e199 4.25837504584459271e199 2.66148440365287023e199 -4.25837504584459271e199 -1.06459376146114741e200 0.00000000000000000e0
6.48547812580316019e-1 1.40926110533953874e-1 -3.22042901196354509e-3 -9.82194754730717379e-1 -7.61167106248204939e-1 1.24230814008594426e-1 9.73437930686678832e-1 2.28951075779163876e-1 -2.28951075779163737e-1 9.73437930686679165e-1 1.95417904541616938e0 0.00000000000000000e0 -4.44818281855092812e-1 4.00000000000000078e-1 -4.44818281855092812e-1 -4.00000000000000078e-1 -9.54179045416170379e-1 -1.38777878078144568e-17 1.99999999999999911e0 1.38777878078144568e-17 2.50000000000000111e-1 4.00000000000000133e-1 2.50000000000000111e-1 -4.00000000000000133e-1 -1.00000000000000089e0 0.00000000000000000e0 3.33489220599461333e0 2.31404631983637606e-17 4.16861525749327000e-1 6.66978441198923133e-1 4.16861525749327000e-1 -6.66978441198923133e-1 -1.66744610299730889e0 0.00000000000000000e0
-1.02131151479314536e-1 -4.11499748151184397e-1 -9.88847495413990640e-1 -5.72101492800410616e-2 1.08396765223815139e-1 -9.09612530746397807e-1 8.95162809799126991e-1 4.45739322869916077e-1 -4.45739322869916466e-1 8.95162809799126769e-1 1.60345400049150199e-200 -1.81302219991222365e-217 -1.04636956607084952e-200 3.99999999999999761e-201 -1.04636956607084952e-200 -3.99999999999999761e-201 -6.03454000491501572e-201 0.00000000000000000e0 1.99999999999999822e-200 -1.81302219991222365e-217 2.49999999999999488e-201 3.99999999999999471e-201 2.49999999999999343e-201 -3.99999999999999471e-201 -9.99999999999997806e-201 0.00000000000000000e0 2.34503460442963510e-200 -2.12579989869665588e-217 2.93129325553704025e-201 4.69006920885926788e-201 2.93129325553703880e-201 -4.69006920885926788e-201 -1.17251730221481595e-200 0.00000000000000000e0
1.04037652458742969e-1 8.44997779123910719e-1 9.55182952558098375e-1 -2.31850912374397256e-1 -2.77131185566092286e-1 -4.81896158634636418e-1 7.69332935710392407e-1 6.38848052381182363e-1 -6.38848052381182363e-1 7.69332935710392740e-1 1.02136292171195230e200 0.00000000000000000e0 -1.42852395984945958e200 4.00000000000000464e199 -1.42852395984945958e200 -4.00000000000000379e199 -2.13629217119524184e198 0.00000000000000000e0 2.00000000000000266e200 -4.24910394253413679e183 2.50000000000000247e199 4.00000000000000804e199 2.50000000000000332e199 -4.00000000000000804e199 -1.00000000000000252e200 4.24910394253413679e183 6.64966982406090944e199 -1.41275691329837269e183 8.31208728007613468e198 1.32993396481218278e199 8.31208728007613680e198 -1.32993396481218278e199 -3.32483491203045897e199 1.41275691329837269e183
9.08535904960579122e-1 -1.56522500867344420e-2 -4.17806784767147443e-1 -3.40363816857259457e-2 0.00000000000000000e0 -9.99298019506176138e-1 6.02632912094936635e-1 7.98018529396389509e-1 -7.98018529396389509e-1 6.02632912094936746e-1 3.29955395358003667e-1 0.00000000000000000e0 -1.51115347745758322e0 4.00000000000000022e-1 -1.51115347745758344e0 -4.00000000000000022e-1 6.70044604641996111e-1 0.00000000000000000e0 1.99999999999999933e0 0.00000000000000000e0 2.50000000000000000e-1 4.00000000000000022e-1 2.49999999999999833e-1 -4.00000000000000022e-1 -1.00000000000000000e0 0.00000000000000000e0 1.99999999999999933e0 0.00000000000000000e0 2.50000000000000000e-1 4.00000000000000022e-1 2.49999999999999833e-1 -4.00000000000000022e-1 -1.00000000000000000e0 0.00000000000000000e0
-8.19711480859849795e-1 -8.83644058227286977e-2 -5.72776162486747120e-1 1.25173817725423547e-1 7.45542425173509001e-4 -9.88191908052094115e-1 4.03918534116373018e-1 9.14794959429313992e-1 9.14794959429314103e-1 -4.03918534116372907e-1 -3.25798133876973297e-201 0.00000000000000000e0 1.27693282598784648e-200 -4.00000000000000051e-201 1.27693282598784663e-200 4.00000000000000051e-201 1.32579813387697400e-200 -1.81302219991222365e-217 2.00000000000000054e-200 -1.81302219991222365e-217 2.50000000000000141e-201 4.00000000000000051e-201 2.49999999999999923e-201 -4.00000000000000051e-201 -9.99999999999999257e-201 0.00000000000000000e0 2.00153103450971149e-200 -1.81441009968969257e-217 2.50191379313714008e-201 4.00306206901942225e-201 2.50191379313713791e-201 -4.00306206901942225e-201 -1.00076551725485473e-200 0.00000000000000000e0
6.78362172493692794e-1 -1.74378881121424745e-1 3.39136703122199651e-2 -9.62960186583646127e-1 7.33944565955489070e-1 2.05668871912180917e-1 1.83746331937540780e-1 9.82973695222561950e-1 -9.82973695222562283e-1 1.83746331937540724e-1 -8.08402951054378476e199 0.00000000000000000e0 -7.74972075414457238e199 3.99999999999999784e199 -7.74972075414457068e199 -3.99999999999999699e199 1.80840295105437862e200 0.00000000000000000e0 1.99999999999999858e200 -1.06227598563353420e183 2.49999999999999483e199 3.99999999999999359e199 2.49999999999999653e199 -3.99999999999999529e199 -9.99999999999998100e199 2.12455197126706839e183 2.59912881175352203e200 -1.38049606014699555e183 3.24891101469189787e199 5.19825762350703930e199 3.24891101469190041e199 -5.19825762350704185e199 -1.29956440587675949e200 2.76099212029399110e183
-5.57272244445620846e-1 -3.95612267473159473e-1 -9.49198990952245664e-2 -8.43084464848815385e-1 -8.24886573006430091e-1 3.64279451733599102e-1 -4.61872358512780967e-2 9.98932800164464285e-1 -9.98932800164464618e-1 -4.61872358512780412e-2 -1.01666919015364132e0 0.00000000000000000e0 -1.10519535099887808e-1 3.99999999999999800e-1 -1.10519535099887822e-1 -3.99999999999999800e-1 2.01666919015364154e0 0.00000000000000000e0 1.99999999999999889e0 0.00000000000000000e0 2.49999999999999722e-1 3.99999999999999578e-1 2.49999999999999667e-1 -3.99999999999999578e-1 -9.99999999999998224e-1 0.00000000000000000e0 3.04918376823592396e0 0.00000000000000000e0 3.81147971029490273e-1 6.09836753647184482e-1 3.81147971029490218e-1 -6.09836753647184482e-1 -1.52459188411796021e0 0.00000000000000000e0
1.84814080892778843e-1 -2.61059136405424108e-1 -9.67303416040774078e-1 -2.18704395101412735e-1 1.73688965739354273e-1 -9.40221524356137595e-1 -2.73667146519952442e-1 9.61824460551729876e-1 -9.61824460551730209e-1 -2.73667146519952331e-1 -9.06928756533022210e-201 0.00000000000000000e0 5.77106120259040142e-201 3.99999999999999906e-201 5.77106120259040142e-201 -3.99999999999999906e-201 1.90692875653302277e-200 0.00000000000000000e0 1.99999999999999967e-200 0.00000000000000000e0 2.49999999999999742e-201 3.99999999999999761e-201 2.49999999999999850e-201 -3.99999999999999761e-201 -9.99999999999998532e-201 -1.81302219991222365e-217 4.36680989239867591e-200 0.00000000000000000e0 5.45851236549834053e-201 8.73361978479734804e-201 5.45851236549834271e-201 -8.73361978479734804e-201 -2.18340494619933505e-200 -3.95856163885755471e-217
-1.77977736205502307e-1 -6.53890953003115838e-1 -9.58918203495274790e-1 -5.25117944537069475e-2 2.20906777670037635e-1 -7.54764289711647995e-1 -4.86608725759343275e-1 8.73620024962150410e-1 -8.73620024962150299e-1 -4.86608725759343275e-1 -5.02191407616943584e199 -2.12455197126706839e183 1.14372740742659873e200 3.99999999999999954e199 1.14372740742659890e200 -3.99999999999999954e199 1.50219140761694330e200 -2.12455197126706839e183 1.99999999999999926e200 2.12455197126706839e183 2.49999999999999822e199 3.99999999999999954e199 2.49999999999999950e199 -3.99999999999999954e199 -1.00000000000000031e200 0.00000000000000000e0 8.15436006867644678e200 8.66218087916400944e183 1.01929500858455551e200 1.63087201373528970e200 1.01929500858455602e200 -1.63087201373528970e200 -4.07718003433822611e200 0.00000000000000000e0
0.00000000000000000e0 -9.99998918796661584e-1 6.51888520636155544e-1 -1.11511102448478205e-3 7.58314813690728728e-1 9.58609884671094976e-4 -6.73699635594560919e-1 7.39005278059470916e-1 -7.39005278059470694e-1 -6.73699635594561030e-1 1.12679803735170947e-1 0.00000000000000000e0 1.47053835909348996e0 4.00000000000000022e-1 1.47053835909349018e0 -4.00000000000000022e-1 8.87320196264828165e-1 -2.77555756156289135e-17 1.99999999999999911e0 2.77555756156289135e-17 2.49999999999999778e-1 4.00000000000000022e-1 2.50000000000000056e-1 -4.00000000000000022e-1 -1.00000000000000044e0 2.77555756156289135e-17 1.99999999999999911e0 2.77555756156289135e-17 2.49999999999999778e-1 4.00000000000000022e-1 2.50000000000000056e-1 -4.00000000000000022e-1 -1.00000000000000044e0 2.77555756156289135e-17
4.97555972066376639e-1 -2.95280223166452194e-1 8.67430113551719173e-1 1.67477442098161539e-1 -1.74721628151405534e-3 -9.40617295288060928e-1 9.99999999999999667e-1 2.60208521396521064e-17 -2.16840434497100887e-18 9.99999999999999889e-1 1.99999999999999880e-200 0.00000000000000000e0 2.49999999999999850e-201 3.99999999999999833e-201 2.49999999999999850e-201 -3.99999999999999833e-201 -9.99999999999999692e-201 0.00000000000000000e0 1.99999999999999764e-200 0.00000000000000000e0 2.49999999999999778e-201 3.99999999999999616e-201 2.49999999999999778e-201 -3.99999999999999616e-201 -9.99999999999999402e-201 0.00000000000000000e0 2.01664483879392870e-200 0.00000000000000000e0 2.52080604849241160e-201 4.03328967758785842e-201 2.52080604849241160e-201 -4.03328967758785842e-201 -1.00832241939696493e-200 0.00000000000000000e0
2.04812522968069004e-2 -9.61112804920459918e-1 -5.79469094494877268e-1 2.13057517521287987e-1 -8.14736820592786182e-1 -1.75694821908877835e-1 9.73437930686679165e-1 2.28951075779163904e-1 2.28951075779163848e-1 -9.73437930686679165e-1 1.95417904541617065e200 0.00000000000000000e0 4.44818281855093105e199 -4.00000000000000209e199 4.44818281855093105e199 4.00000000000000209e199 -9.54179045416170169e199 0.00000000000000000e0 2.00000000000000164e200 0.00000000000000000e0 2.50000000000000332e199 4.00000000000000379e199 2.50000000000000247e199 -4.00000000000000379e199 -1.00000000000000065e200 0.00000000000000000e0 2.19382792329637078e200 0.00000000000000000e0 2.74228490412046475e199 4.38765584659274190e199 2.74228490412046390e199 -4.38765584659274190e199 -1.09691396164818522e200 0.00000000000000000e0
7.21628582936902907e-1 -3.41400885456590142e-1 -1.67397476208901094e-2 -8.78292886831685715e-1 6.92078007986141830e-1 3.34734283201347516e-1 8.95162809799127102e-1 4.45739322869916466e-1 -4.45739322869916355e-1 8.95162809799127213e-1 1.60345400049150211e0 -2.77555756156289135e-17 -1.04636956607084985e0 3.99999999999999911e-1 -1.04636956607084985e0 -3.99999999999999967e-1 -6.03454000491502773e-1 0.00000000000000000e0 1.99999999999999867e0 -2.77555756156289135e-17 2.50000000000000000e-1 3.99999999999999911e-1 2.50000000000000111e-1 -3.99999999999999911e-1 -1.00000000000000022e0 0.00000000000000000e0 3.93018538048682853e0 -5.45422787557707677e-17 4.91273172560853899e-1 7.86037076097366061e-1 4.91273172560854121e-1 -7.86037076097366061e-1 -1.96509269024341604e0 0.00000000000000000e0
-3.19988146321965872e-2 -8.49980406852149484e-1 7.38487922054340329e-1 -3.74627244372998380e-1 -6.73506989452965388e-1 -3.70388627985455132e-1 7.69332935710392296e-1 6.38848052381182030e-1 -6.38848052381182030e-1 7.69332935710391963e-1 1.02136292171195252e-200 0.00000000000000000e0 -1.42852395984945824e-200 3.99999999999999978e-201 -1.42852395984945824e-200 -3.99999999999999978e-201 -2.13629217119516683e-202 0.00000000000000000e0 2.00000000000000054e-200 3.62604439982444730e-217 2.50000000000000141e-201 3.99999999999999906e-201 2.50000000000000286e-201 -3.99999999999999906e-201 -9.99999999999998967e-201 0.00000000000000000e0 1.38044277391050306e-200 2.50277339480815205e-217 1.72555346738812955e-201 2.76088554782100496e-201 1.72555346738813028e-201 -2.76088554782100496e-201 -6.90221386955250660e-201 0.00000000000000000e0
7.55690953375833363e-1 -2.19319133619670786e-1 6.10670235932502137e-1 -1.04543585873093481e-1 -2.36670754281273127e-1 -9.70035956179518100e-1 6.02632912094936968e-1 7.98018529396389398e-1 -7.98018529396389620e-1 6.02632912094936635e-1 3.29955395358004683e199 0.00000000000000000e0 -1.51115347745758348e200 4.00000000000000039e199 -1.51115347745758382e200 -4.00000000000000039e199 6.70044604641996646e199 -4.24910394253413679e183 2.00000000000000130e200 -4.24910394253413679e183 2.50000000000000417e199 4.00000000000000039e199 2.49999999999999992e199 -4.00000000000000039e199 -9.99999999999999290e199 0.00000000000000000e0 5.22797246943687523e200 -1.11070992156720696e184 6.53496558679610084e199 1.04559449388737443e200 6.53496558679608979e199 -1.04559449388737443e200 -2.61398623471843422e200 0.00000000000000000e0
0.00000000000000000e0 -8.93209709103132132e-1 7.02991201529522214e-1 3.19783539980407427e-1 -7.11198545113865266e-1 3.16093187401274289e-1 4.03918534116372907e-1 9.14794959429313992e-1 -9.14794959429313992e-1 4.03918534116372907e-1 -3.25798133876973539e-1 0.00000000000000000e0 -1.27693282598784630e0 3.99999999999999967e-1 -1.27693282598784608e0 -3.99999999999999967e-1 1.32579813387697332e0 0.00000000000000000e0 1.99999999999999889e0 2.77555756156289135e-17 2.49999999999999778e-1 3.99999999999999911e-1 2.50000000000000000e-1 -3.99999999999999911e-1 -9.99999999999999556e-1 2.77555756156289135e-17 1.99999999999999889e0 2.77555756156289135e-17 2.49999999999999778e-1 3.99999999999999911e-1 2.50000000000000000e-1 -3.99999999999999911e-1 -9.99999999999999556e-1 2.77555756156289135e-17
-1.53564069958086829e-3 -9.79718999463029205e-1 -6.70760707041507365e-1 1.49618723251320668e-1 7.41672242770901380e-1 1.33285106984259660e-1 1.83746331937540752e-1 9.82973695222562283e-1 -9.82973695222562505e-1 1.83746331937540752e-1 -8.08402951054378964e-201 9.06511099956111824e-218 -7.74972075414457413e-201 3.99999999999999978e-201 -7.74972075414457268e-201 -4.00000000000000051e-201 1.80840295105437938e-200 0.00000000000000000e0 2.00000000000000025e-200 1.81302219991222365e-217 2.49999999999999705e-201 4.00000000000000051e-201 2.49999999999999923e-201 -3.99999999999999906e-201 -9.99999999999999257e-201 -9.06511099956111824e-218 1.99112460784662504e-200 1.80497655840872557e-217 2.48890575980827804e-201 3.98224921569324994e-201 2.48890575980828022e-201 -3.98224921569324849e-201 -9.95562303923311652e-201 -9.02488279204362783e-218
9.27975441573098525e-1 -9.93420746628839724e-3 -3.72629910859498037e-1 -1.69035100256733663e-2 -2.92050852683845442e-3 -9.99807772959796726e-1 -4.61872358512780620e-2 9.98932800164464507e-1 -9.98932800164464618e-1 -4.61872358512780620e-2 -1.01666919015364166e200 0.00000000000000000e0 -1.10519535099887895e199 3.99999999999999954e199 -1.10519535099887895e199 -3.99999999999999954e199 2.01666919015364146e200 0.00000000000000000e0 1.99999999999999892e200 -2.65568996408383549e182 2.49999999999999822e199 3.99999999999999869e199 2.49999999999999865e199 -3.99999999999999869e199 -9.99999999999999290e199 0.00000000000000000e0 2.35685832491895125e200 -3.12954250012735086e182 2.94607290614868864e199 4.71371664983790369e199 2.94607290614868906e199 -4.71371664983790369e199 -1.17842916245947546e200 0.00000000000000000e0
2.60188111321372206e-1 -4.83575114603694234e-1 2.79422507644089158e-1 -7.90803222917793480e-1 -9.24243046470411000e-1 -3.75213767283204547e-1 -2.73667146519952387e-1 9.61824460551730320e-1 9.61824460551730320e-1 2.73667146519952498e-1 -9.06928756533023073e-1 0.00000000000000000e0 -5.77106120259040289e-1 -4.00000000000000133e-1 -5.77106120259040289e-1 4.00000000000000133e-1 1.90692875653302329e0 0.00000000000000000e0 2.00000000000000089e0 0.00000000000000000e0 2.50000000000000111e-1 4.00000000000000189e-1 2.50000000000000167e-1 -4.00000000000000189e-1 -1.00000000000000022e0 0.00000000000000000e0 2.48655668995126522e0 0.00000000000000000e0 3.10819586243908152e-1 4.97311337990253122e-1 3.10819586243908264e-1 -4.97311337990253122e-1 -1.24327834497563239e0 0.00000000000000000e0
-5.43995618891224941e-1 3.25814619553052465e-1 -8.38845118617517538e-1 -2.33343968819187508e-1 2.01899380562726716e-2 -9.16185257413155374e-1 -4.86608725759343275e-1 8.73620024962150410e-1 -8.73620024962150521e-1 -4.86608725759343386e-1 -5.02191407616943537e-201 0.00000000000000000e0 1.14372740742659903e-200 4.00000000000000123e-201 1.14372740742659903e-200 -4.00000000000000196e-201 1.50219140761694424e-200 3.62604439982444730e-217 2.00000000000000141e-200 -3.62604439982444730e-217 2.50000000000000286e-201 4.00000000000000341e-201 2.50000000000000249e-201 -4.00000000000000196e-201 -9.99999999999999982e-201 3.62604439982444730e-217 4.32976895443569644e-200 -7.84996723488264974e-217 5.41221119304462345e-201 8.65953790887139491e-201 5.41221119304462273e-201 -8.65953790887139201e-201 -2.16488447721784677e-200 7.84996723488264974e-217
3.14498163241148265e-1 -6.36386759139807801e-1 -9.48433089568011423e-1 -2.41585915574587196e-1 3.95674099534014251e-2 -7.32562719627145809e-1 -6.73699635594560919e-1 7.39005278059470694e-1 -7.39005278059470805e-1 -6.73699635594560808e-1 1.12679803735171514e199 0.00000000000000000e0 1.47053835909348965e200 3.99999999999999954e199 1.47053835909348982e200 -3.99999999999999954e199 8.87320196264828625e199 0.00000000000000000e0 1.99999999999999926e200 0.00000000000000000e0 2.49999999999999568e199 3.99999999999999869e199 2.49999999999999950e199 -3.99999999999999869e199 -9.99999999999999120e199 0.00000000000000000e0 8.71866184203741122e200 0.00000000000000000e0 1.08983273025467504e200 1.74373236840748238e200 1.08983273025467657e200 -1.74373236840748238e200 -4.35933092101870357e200 0.00000000000000000e0
-7.51311054965514202e-1 1.60958996802859938e-1 0.00000000000000000e0 -9.69801294593974017e-1 6.59948254552283675e-1 1.83242053994351423e-1 9.99999999999999667e-1 1.38777878078144568e-17 1.38777878078144568e-17 9.99999999999999889e-1 1.99999999999999867e0 0.00000000000000000e0 2.49999999999999889e-1 3.99999999999999856e-1 2.49999999999999917e-1 -3.99999999999999856e-1 -9.99999999999999778e-1 0.00000000000000000e0 1.99999999999999734e0 0.00000000000000000e0 2.49999999999999806e-1 3.99999999999999689e-1 2.49999999999999833e-1 -3.99999999999999689e-1 -9.99999999999999556e-1 0.00000000000000000e0 1.99999999999999734e0 0.00000000000000000e0 2.49999999999999806e-1 3.99999999999999689e-1 2.49999999999999833e-1 -3.99999999999999689e-1 -9.99999999999999556e-1 0.00000000000000000e0
-2.43747242414760635e-3 -9.48940096453616211e-1 7.83594017927330966e-1 1.94165897173033813e-1 6.21268439401747918e-1 -2.48620791000254471e-1 9.73437930686679165e-1 2.28951075779163737e-1 -2.28951075779163821e-1 9.73437930686678721e-1 1.95417904541617086e-200 0.00000000000000000e0 -4.44818281855092899e-201 4.00000000000000051e-201 -4.44818281855092899e-201 -4.00000000000000051e-201 -9.54179045416169423e-201 1.81302219991222365e-217 2.00000000000000170e-200 1.81302219991222365e-217 2.50000000000000104e-201 4.00000000000000051e-201 2.50000000000000068e-201 -4.00000000000000051e-201 -9.99999999999998967e-201 0.00000000000000000e0 2.00846397676737377e-200 1.82069488880161720e-217 2.51057997095921613e-201 4.01692795353474523e-201 2.51057997095921577e-201 -4.01692795353474523e-201 -1.00423198838368500e-200 0.00000000000000000e0
1.36210445956449870e-2 -9.98089039731111960e-1 7.54751396243131700e-1 -2.92752603591702812e-2 6.55869496937589447e-1 5.44171654859916948e-2 8.95162809799127213e-1 4.45739322869916521e-1 -4.45739322869916466e-1 8.95162809799127324e-1 1.60345400049150280e200 2.12455197126706839e183 -1.04636956607085026e200 4.00000000000000124e199 -1.04636956607085026e200 -4.00000000000000124e199 -6.03454000491502747e199 2.12455197126706839e183 2.00000000000000062e200 2.12455197126706839e183 2.50000000000000162e199 4.00000000000000209e199 2.50000000000000120e199 -4.00000000000000209e199 -1.00000000000000048e200 2.12455197126706839e183 1.53505390138874930e200 1.63065089609833509e183 1.91881737673593705e199 3.07010780277749894e199 1.91881737673593705e199 -3.07010780277749894e199 -7.67526950694374820e199 1.63065089609833509e183
1.44383519583576089e-2 -7.29323658225751403e-1 7.31771710148209631e-1 -4.58476536865499495e-1 -6.81396872769087114e-1 -5.07825035515211187e-1 7.69332935710392185e-1 6.38848052381182141e-1 -6.38848052381182141e-1 7.69332935710392074e-1 1.02136292171195198e0 0.00000000000000000e0 -1.42852395984945857e0 4.00000000000000022e-1 -1.42852395984945835e0 -4.00000000000000022e-1 -2.13629217119515324e-2 0.00000000000000000e0 2.00000000000000044e0 0.00000000000000000e0 2.50000000000000111e-1 4.00000000000000022e-1 2.50000000000000167e-1 -4.00000000000000022e-1 -9.99999999999999556e-1 0.00000000000000000e0 1.76722989116178519e0 0.00000000000000000e0 2.20903736395223205e-1 3.53445978232356961e-1 2.20903736395223232e-1 -3.53445978232356961e-1 -8.83614945580891931e-1 0.00000000000000000e0
4.31786392045197420e-1 8.82741881858905564e-1 -1.59680449441694905e-1 -1.27356133039979058e-1 8.87728937069581781e-1 -4.52268930382467849e-1 6.02632912094936857e-1 7.98018529396389731e-1 7.98018529396389509e-1 -6.02632912094936857e-1 3.29955395358003834e-201 0.00000000000000000e0 1.51115347745758379e-200 -4.00000000000000196e-201 1.51115347745758379e-200 4.00000000000000123e-201 6.70044604641995858e-201 3.62604439982444730e-217 2.00000000000000054e-200 0.00000000000000000e0 2.50000000000000431e-201 4.00000000000000196e-201 2.50000000000000286e-201 -4.00000000000000341e-201 -1.00000000000000085e-200 3.62604439982444730e-217 2.61967105651685548e-200 0.00000000000000000e0 3.27458882064607370e-201 5.23934211303371169e-201 3.27458882064607225e-201 -5.23934211303371386e-201 -1.30983552825842832e-200 4.74952178193256692e-217
9.22280254235578689e-1 2.35982496432641603e-1 3.81244408040480487e-1 -4.24961132744525738e-1 6.36540178230742826e-2 -8.73910920537046332e-1 4.03918534116373074e-1 9.14794959429314103e-1 -9.14794959429314325e-1 4.03918534116372907e-1 -3.25798133876973395e199 0.00000000000000000e0 -1.27693282598784699e200 4.00000000000000124e199 -1.27693282598784665e200 -4.00000000000000124e199 1.32579813387697447e200 0.00000000000000000e0 2.00000000000000164e200 0.00000000000000000e0 2.49999999999999907e199 4.00000000000000209e199 2.50000000000000332e199 -4.00000000000000209e199 -9.99999999999999800e199 0.00000000000000000e0 7.98490996110575469e200 0.00000000000000000e0 9.98113745138218146e199 1.59698199222115026e200 9.98113745138219846e199 -1.59698199222115026e200 -3.99245498055287326e200 0.00000000000000000e0
-5.55222015913971467e-1 1.91861622480172384e-1 -8.31702178092871058e-1 -1.28081661459916951e-1 0.00000000000000000e0 -9.73028368454354586e-1 1.83746331937540835e-1 9.82973695222562616e-1 -9.82973695222562505e-1 1.83746331937540808e-1 -8.08402951054379537e-1 0.00000000000000000e0 -7.74972075414457784e-1 4.00000000000000078e-1 -7.74972075414457784e-1 -4.00000000000000133e-1 1.80840295105437954e0 -1.38777878078144568e-17 2.00000000000000089e0 0.00000000000000000e0 2.50000000000000167e-1 4.00000000000000244e-1 2.50000000000000056e-1 -4.00000000000000133e-1 -1.00000000000000067e0 -1.38777878078144568e-17 2.00000000000000089e0 0.00000000000000000e0 2.50000000000000167e-1 4.00000000000000244e-1 2.50000000000000056e-1 -4.00000000000000133e-1 -1.00000000000000067e0 -1.38777878078144568e-17
-6.49886481778642056e-1 -3.75782834335608107e-1 -5.37303686564574116e-4 -8.68989650849321227e-1 7.60031099433521318e-1 -3.21938267584752302e-1 -4.61872358512780967e-2 9.98932800164464618e-1 -9.98932800164464618e-1 -4.61872358512780135e-2 -1.01666919015364197e-200 -2.26627774989027956e-218 -1.10519535099887897e-201 3.99999999999999906e-201 -1.10519535099887879e-201 -3.99999999999999906e-201 2.01666919015364195e-200 0.00000000000000000e0 1.99999999999999938e-200 2.26627774989027956e-218 2.49999999999999778e-201 3.99999999999999761e-201 2.49999999999999778e-201 -3.99999999999999761e-201 -9.99999999999999692e-201 -2.26627774989027956e-218 2.01412871792052908e-200 2.28228754941916572e-218 2.51766089740065989e-201 4.02825743584105656e-201 2.51766089740065989e-201 -4.02825743584105656e-201 -1.00706435896026454e-200 -2.28228754941916572e-218
-1.08470958248702391e-2 -9.03814797398901582e-1 -7.38173393213481521e-1 -2.81348299820799286e-1 -6.74523818752059134e-1 3.22431304607241564e-1 -2.73667146519952387e-1 9.61824460551729987e-1 -9.61824460551730098e-1 -2.73667146519952276e-1 -9.06928756533022533e199 2.12455197126706839e183 5.77106120259039958e199 3.99999999999999869e199 5.77106120259039958e199 -3.99999999999999784e199 1.90692875653302216e200 0.00000000000000000e0 1.99999999999999858e200 2.12455197126706839e183 2.49999999999999737e199 3.99999999999999614e199 2.49999999999999610e199 -3.99999999999999699e199 -9.99999999999998950e199 0.00000000000000000e0 1.77513857085011409e200 1.88568707498590949e183 2.21892321356264177e199 3.55027714170022708e199 2.21892321356264049e199 -3.55027714170022793e199 -8.87569285425056707e199 0.00000000000000000e0
-6.20923469447325696e-2 -9.96830791288593421e-1 4.50452093589680108e-2 -5.25726625966579514e-2 9.97053393537528421e-1 -5.97033389891554189e-2 -4.86608725759343164e-1 8.73620024962149855e-1 -8.73620024962150188e-1 -4.86608725759342942e-1 -5.02191407616942698e-1 -2.77555756156289135e-17 1.14372740742659795e0 3.99999999999999689e-1 1.14372740742659795e0 -3.99999999999999689e-1 1.50219140761694314e0 2.77555756156289135e-17 1.99999999999999822e0 2.77555756156289135e-17 2.49999999999999556e-1 3.99999999999999356e-1 2.49999999999999667e-1 -3.99999999999999356e-1 -9.99999999999997446e-1 -2.77555756156289135e-17 3.42320656057183514e0 4.75065342699343176e-17 4.27900820071479004e-1 6.84641312114366518e-1 4.27900820071479226e-1 -6.84641312114366518e-1 -1.71160328028591469e0 -4.75065342699343176e-17
8.22851999277823598e-1 4.73435354301102396e-1 5.64846780657496383e-1 -6.20947267892578147e-1 6.21506368861240999e-2 -6.24726704883449391e-1 -6.73699635594561030e-1 7.39005278059470805e-1 -7.39005278059470916e-1 -6.73699635594560919e-1 1.12679803735171492e-201 0.00000000000000000e0 1.47053835909349033e-200 4.00000000000000051e-201 1.47053835909349062e-200 -4.00000000000000051e-201 8.87320196264829216e-201 0.00000000000000000e0 2.00000000000000112e-200 0.00000000000000000e0 2.49999999999999850e-201 4.00000000000000051e-201 2.50000000000000286e-201 -4.00000000000000051e-201 -9.99999999999999982e-201 0.00000000000000000e0 2.37551397343250269e-200 0.00000000000000000e0 2.96939246679062510e-201 4.75102794686500335e-201 2.96939246679063018e-201 -4.75102794686500335e-201 -1.18775698671625077e-200 0.00000000000000000e0
-3.29617550291475325e-1 -4.62677762282639571e-1 1.28102230594057870e-1 -8.85542166547722331e-1 -9.35383391480025139e-1 4.17655307053006464e-2 1.00000000000000022e0 1.38777878078144568e-17 -4.16333634234433703e-17 -1.00000000000000000e0 2.00000000000000062e200 0.00000000000000000e0 -2.50000000000000120e199 -4.00000000000000124e199 -2.50000000000000120e199 4.00000000000000124e199 -9.99999999999999970e199 0.00000000000000000e0 2.00000000000000130e200 0.00000000000000000e0 2.50000000000000162e199 4.00000000000000209e199 2.50000000000000162e199 -4.00000000000000209e199 -9.99999999999999970e199 0.00000000000000000e0 8.02042898158057429e200 0.00000000000000000e0 1.00255362269757179e200 1.60408579631611472e200 1.00255362269757179e200 -1.60408579631611472e200 -4.01021449079028443e200 0.00000000000000000e0
9.02996983639238193e-1 -1.16387528168088228e-1 -4.29646887034501046e-1 -2.44613867900714238e-1 0.00000000000000000e0 -9.62609993152769183e-1 9.73437930686678832e-1 2.28951075779163793e-1 -2.28951075779163793e-1 9.73437930686678832e-1 1.95417904541616938e0 0.00000000000000000e0 -4.44818281855092867e-1 3.99999999999999911e-1 -4.44818281855092867e-1 -3.99999999999999911e-1 -9.54179045416169824e-1 0.00000000000000000e0 1.99999999999999911e0 1.38777878078144568e-17 2.49999999999999917e-1 3.99999999999999800e-1 2.49999999999999861e-1 -3.99999999999999800e-1 -9.99999999999999667e-1 1.38777878078144568e-17 1.99999999999999911e0 1.38777878078144568e-17 2.49999999999999917e-1 3.99999999999999800e-1 2.49999999999999861e-1 -3.99999999999999800e-1 -9.99999999999999667e-1 1.38777878078144568e-17
-6.67579787509556377e-1 3.03555777123391546e-1 7.44537132781057709e-1 2.73770694419487537e-1 1.29815979660849500e-3 -9.12635467781132137e-1 8.95162809799127435e-1 4.45739322869916632e-1 -4.45739322869916632e-1 8.95162809799127657e-1 1.60345400049150344e-200 0.00000000000000000e0 -1.04636956607085112e-200 4.00000000000000413e-201 -1.04636956607085083e-200 -4.00000000000000341e-201 -6.03454000491503167e-201 0.00000000000000000e0 2.00000000000000257e-200 -3.62604439982444730e-217 2.50000000000000068e-201 4.00000000000000704e-201 2.50000000000000503e-201 -4.00000000000000631e-201 -1.00000000000000201e-200 3.62604439982444730e-217 1.98234343012096862e-200 -3.59403264665945743e-217 2.47792928765120824e-201 3.96468686024193913e-201 2.47792928765121259e-201 -3.96468686024193841e-201 -9.91171715060485037e-201 3.59403264665945743e-217
6.48387752643857489e-3 -9.61836490005538280e-1 -1.35382827149876261e-1 -2.71879506820487282e-1 -9.90772148097194383e-1 3.08561219999263815e-2 7.69332935710392185e-1 6.38848052381181919e-1 -6.38848052381182141e-1 7.69332935710391852e-1 1.02136292171195213e200 0.00000000000000000e0 -1.42852395984945839e200 3.99999999999999954e199 -1.42852395984945805e200 -3.99999999999999954e199 -2.13629217119512287e198 -4.24910394253413679e183 2.00000000000000028e200 -4.24910394253413679e183 2.49999999999999737e199 3.99999999999999869e199 2.49999999999999992e199 -3.99999999999999784e199 -9.99999999999998610e199 -4.24910394253413679e183 2.25596606408368230e200 -4.79291714856059578e183 2.81995758010459948e199 4.51193212816736188e199 2.81995758010460203e199 -4.51193212816736103e199 -1.12798303204183928e200 -4.79291714856059578e183
-9.81728616923925990e-1 4.25273194354810896e-2 -1.90097600008062972e-1 -2.62601316160361198e-1 8.47497397105470562e-3 -9.63966791882624241e-1 6.02632912094936857e-1 7.98018529396389509e-1 -7.98018529396389509e-1 6.02632912094936746e-1 3.29955395358004222e-1 0.00000000000000000e0 -1.51115347745758366e0 4.00000000000000022e-1 -1.51115347745758366e0 -4.00000000000000022e-1 6.70044604641996111e-1 0.00000000000000000e0 2.00000000000000044e0 0.00000000000000000e0 2.50000000000000000e-1 4.00000000000000022e-1 2.50000000000000056e-1 -4.00000000000000022e-1 -1.00000000000000000e0 0.00000000000000000e0 1.76533495517633288e0 0.00000000000000000e0 2.20666869397041554e-1 3.53066991035266509e-1 2.20666869397041610e-1 -3.53066991035266509e-1 -8.82667477588166216e-1 0.00000000000000000e0
-8.50607364321192216e-1 -4.24462142885771165e-1 -5.25539216781876650e-1 6.67689392080868971e-1 1.66025114620079461e-2 -6.11574006118228097e-1 4.03918534116372907e-1 9.14794959429313881e-1 -9.14794959429314103e-1 4.03918534116372907e-1 -3.25798133876973442e-201 1.81302219991222365e-217 -1.27693282598784619e-200 3.99999999999999906e-201 -1.27693282598784619e-200 -3.99999999999999906e-201 1.32579813387697400e-200 -1.81302219991222365e-217 1.99999999999999996e-200 -1.81302219991222365e-217 2.49999999999999705e-201 3.99999999999999833e-201 2.49999999999999560e-201 -3.99999999999999833e-201 -9.99999999999999112e-201 1.81302219991222365e-217 2.12648520334287867e-200 -1.92768244072274910e-217 2.65810650417859544e-201 4.25297040668575575e-201 2.65810650417859363e-201 -4.25297040668575575e-201 -1.06324260167143847e-200 1.92768244072274910e-217
9.07356845090526276e-1 3.08872614858116512e-1 4.02435264804681836e-1 -8.34246149012744631e-1 1.21447162622076998e-1 4.56761503027690474e-1 1.83746331937541085e-1 9.82973695222562172e-1 -9.82973695222562616e-1 1.83746331937540863e-1 -8.08402951054378306e199 -1.06227598563353420e183 -7.74972075414458088e199 4.00000000000000039e199 -7.74972075414458258e199 -4.00000000000000039e199 1.80840295105437998e200 0.00000000000000000e0 2.00000000000000198e200 1.06227598563353420e183 2.50000000000000120e199 4.00000000000000039e199 2.50000000000000035e199 -4.00000000000000039e199 -9.99999999999998780e199 0.00000000000000000e0 2.97862421815982011e200 1.58206048858881754e183 3.72328027269977343e199 5.95724843631963511e199 3.72328027269977216e199 -5.95724843631963511e199 -1.48931210907990682e200 0.00000000000000000e0
0.00000000000000000e0 -9.63733364737465958e-1 -6.63667585139607996e-1 -1.99623898160679242e-1 7.48027630796457288e-1 -1.77110984907591834e-1 -4.61872358512780551e-2 9.98932800164464840e-1 9.98932800164464618e-1 4.61872358512780690e-2 -1.01666919015364243e0 0.00000000000000000e0 1.10519535099887989e-1 -4.00000000000000022e-1 1.10519535099887989e-1 4.00000000000000022e-1 2.01666919015364154e0 0.00000000000000000e0 1.99999999999999889e0 0.00000000000000000e0 2.50000000000000000e-1 4.00000000000000022e-1 2.50000000000000056e-1 -4.00000000000000022e-1 -1.00000000000000067e0 0.00000000000000000e0 1.99999999999999889e0 0.00000000000000000e0 2.50000000000000000e-1 4.00000000000000022e-1 2.50000000000000056e-1 -4.00000000000000022e-1 -1.00000000000000067e0 0.00000000000000000e0
-8.08412183217780633e-1 -9.45965052816472446e-2 5.88616463265007162e-1 -1.28857608936647383e-1 6.33402286086762710e-4 -9.87140931077031714e-1 -2.73667146519952442e-1 9.61824460551729987e-1 -9.61824460551730209e-1 -2.73667146519952331e-1 -9.06928756533022500e-201 -1.81302219991222365e-217 5.77106120259040142e-201 3.99999999999999906e-201 5.77106120259040142e-201 -3.99999999999999978e-201 1.90692875653302277e-200 0.00000000000000000e0 1.99999999999999967e-200 -1.81302219991222365e-217 2.49999999999999778e-201 3.99999999999999906e-201 2.49999999999999850e-201 -3.99999999999999761e-201 -9.99999999999998967e-201 1.81302219991222365e-217 2.01325142161783253e-200 -1.82503476069898763e-217 2.51656427702228885e-201 4.02650284323566535e-201 2.51656427702228958e-201 -4.02650284323566390e-201 -1.00662571080891540e-200 1.82503476069898763e-217
6.21449433811910534e-1 1.99924527773233281e-2 7.83390683666412735e-1 -2.85937823277813211e-2 -9.98188156241142446e-3 -9.99391163381054826e-1 -4.86608725759343108e-1 8.73620024962150632e-1 -8.73620024962150188e-1 -4.86608725759343275e-1 -5.02191407616944264e199 -2.12455197126706839e183 1.14372740742659839e200 4.00000000000000039e199 1.14372740742659856e200 -4.00000000000000039e199 1.50219140761694296e200 -2.12455197126706839e183 1.99999999999999824e200 0.00000000000000000e0 2.49999999999999907e199 4.00000000000000039e199 2.50000000000000077e199 -4.00000000000000039e199 -1.00000000000000099e200 2.12455197126706839e183 1.54141438077028542e200 0.00000000000000000e0 1.92676797596285762e199 3.08282876154057356e199 1.92676797596285890e199 -3.08282876154057356e199 -7.70707190385144069e199 1.63740748060246008e183
7.36256084162802971e-1 -2.10497369301043818e-1 -1.78390797198888784e-2 -9.56096382110073861e-1 -6.76467845331914508e-1 -2.03888610847608620e-1 -6.73699635594560808e-1 7.39005278059470805e-1 -7.39005278059470694e-1 -6.73699635594560808e-1 1.12679803735171058e-1 0.00000000000000000e0 1.47053835909348951e0 3.99999999999999911e-1 1.47053835909348973e0 -3.99999999999999911e-1 8.87320196264828498e-1 -2.77555756156289135e-17 1.99999999999999845e0 0.00000000000000000e0 2.49999999999999778e-1 3.99999999999999800e-1 2.49999999999999833e-1 -3.99999999999999800e-1 -9.99999999999999556e-1 0.00000000000000000e0 1.00697430438717528e0 0.00000000000000000e0 1.25871788048396910e-1 2.01394860877435133e-1 1.25871788048396938e-1 -2.01394860877435133e-1 -5.03487152193587861e-1 0.00000000000000000e0
-2.20086535536718225e-1 -7.77304267626553247e-1 9.69186269720613058e-1 -1.05718923939256249e-1 1.10634042954632750e-1 -6.20178671554152627e-1 9.99999999999999667e-1 -6.93889390390722838e-17 -2.77555756156289135e-17 1.00000000000000000e0 1.99999999999999880e-200 4.02571798099820832e-233 2.49999999999999923e-201 3.99999999999999906e-201 2.49999999999999923e-201 -3.99999999999999906e-201 -9.99999999999999982e-201 0.00000000000000000e0 1.99999999999999764e-200 4.02571798099820832e-233 2.49999999999999742e-201 3.99999999999999761e-201 2.49999999999999742e-201 -3.99999999999999761e-201 -9.99999999999999982e-201 0.00000000000000000e0 2.24971363961372591e-200 4.52835632554495497e-233 2.81214204951715776e-201 4.49942727922745400e-201 2.81214204951715776e-201 -4.49942727922745400e-201 -1.12485681980686426e-200 0.00000000000000000e0
8.32777726648730621e-1 1.54672328537312723e-2 -4.61107128159181714e-3 -9.99381162300865489e-1 -5.53588291078675354e-1 3.15920424477344058e-2 9.73437930686678943e-1 2.28951075779163765e-1 -2.28951075779163793e-1 9.73437930686678943e-1 1.95417904541616963e200 0.00000000000000000e0 -4.44818281855092850e199 4.00000000000000039e199 -4.44818281855092850e199 -4.00000000000000039e199 -9.54179045416169999e199 0.00000000000000000e0 1.99999999999999994e200 0.00000000000000000e0 2.50000000000000035e199 4.00000000000000039e199 2.49999999999999907e199 -4.00000000000000039e199 -9.99999999999999970e199 0.00000000000000000e0 7.90907225298032041e200 0.00000000000000000e0 9.88634031622540221e199 1.58181445059606408e200 9.88634031622539712e199 -1.58181445059606408e200 -3.95453612649016021e200 0.00000000000000000e0
7.01785650928221538e-1 -3.79622575955459174e-1 -7.12388166768126774e-1 -3.73972630374508175e-1 0.00000000000000000e0 -8.46186251102978515e-1 8.95162809799127324e-1 4.45739322869916466e-1 -4.45739322869916466e-1 8.95162809799127213e-1 1.60345400049150277e0 0.00000000000000000e0 -1.04636956607085030e0 4.00000000000000078e-1 -1.04636956607085008e0 -4.00000000000000078e-1 -6.03454000491502662e-1 0.00000000000000000e0 2.00000000000000089e0 0.00000000000000000e0 2.50000000000000000e-1 4.00000000000000133e-1 2.50000000000000222e-1 -4.00000000000000133e-1 -1.00000000000000022e0 0.00000000000000000e0 2.00000000000000089e0 0.00000000000000000e0 2.50000000000000000e-1 4.00000000000000133e-1 2.50000000000000222e-1 -4.00000000000000133e-1 -1.00000000000000022e0 0.00000000000000000e0
-4.51066147439807941e-1 2.45054756526739387e-1 6.84755297896840766e-4 -9.61470644858841150e-1 -8.92490258626945088e-1 -1.24588785122678083e-1 7.69332935710392185e-1 6.38848052381182363e-1 6.38848052381182141e-1 -7.69332935710392407e-1 1.02136292171195151e-200 0.00000000000000000e0 1.42852395984945882e-200 -4.00000000000000196e-201 1.42852395984945882e-200 4.00000000000000196e-201 -2.13629217119522485e-202 0.00000000000000000e0 1.99999999999999996e-200 0.00000000000000000e0 2.50000000000000141e-201 4.00000000000000341e-201 2.50000000000000141e-201 -4.00000000000000341e-201 -1.00000000000000143e-200 0.00000000000000000e0 2.01777717827358856e-200 0.00000000000000000e0 2.52222147284198715e-201 4.03555435654718045e-201 2.52222147284198715e-201 -4.03555435654718045e-201 -1.00888858913679573e-200 0.00000000000000000e0
-7.29452189902568771e-1 8.75712375574376478e-2 6.83893421250375555e-1 1.13315203722586536e-1 1.37583071925079844e-2 -9.89692347630296565e-1 6.02632912094936857e-1 7.98018529396389620e-1 -7.98018529396389731e-1 6.02632912094936857e-1 3.29955395358004004e199 0.00000000000000000e0 -1.51115347745758416e200 4.00000000000000124e199 -1.51115347745758399e200 -4.00000000000000124e199 6.70044604641996391e199 0.00000000000000000e0 2.00000000000000198e200 0.00000000000000000e0 2.50000000000000077e199 4.00000000000000294e199 2.50000000000000332e199 -4.00000000000000294e199 -1.00000000000000065e200 -4.24910394253413679e183 1.58860151815414451e200 0.00000000000000000e0 1.98575189769267936e199 3.17720303630828799e199 1.98575189769268106e199 -3.17720303630828799e199 -7.94300759077071914e199 -3.37506648695224174e183
-3.62249375578118760e-1 -6.05369566020607097e-1 8.70347744022537229e-1 -4.91814376890718719e-1 -3.33571872867217678e-1 -6.25816512421664917e-1 4.03918534116372907e-1 9.14794959429314103e-1 -9.14794959429314325e-1 4.03918534116372963e-1 -3.25798133876973761e-1 0.00000000000000000e0 -1.27693282598784674e0 4.00000000000000133e-1 -1.27693282598784652e0 -4.00000000000000078e-1 1.32579813387697443e0 0.00000000000000000e0 2.00000000000000133e0 -2.77555756156289135e-17 2.49999999999999778e-1 4.00000000000000133e-1 2.49999999999999944e-1 -4.00000000000000189e-1 -1.00000000000000000e0 0.00000000000000000e0 2.50976554485521852e0 -3.48299936788645340e-17 3.13720693106901816e-1 5.01953108971043505e-1 3.13720693106902038e-1 -5.01953108971043616e-1 -1.25488277242760837e0 0.00000000000000000e0
-3.64526535175875743e-1 4.22386256063803978e-1 9.31173232687099062e-1 1.71151657126946494e-1 6.06760906193756777e-3 -8.90110645341972484e-1 1.83746331937540697e-1 9.82973695222562394e-1 -9.82973695222562283e-1 1.83746331937540780e-1 -8.08402951054379399e-201 9.06511099956111824e-218 -7.74972075414457268e-201 3.99999999999999978e-201 -7.74972075414457268e-201 -3.99999999999999906e-201 1.80840295105437851e-200 9.06511099956111824e-218 1.99999999999999822e-200 -9.06511099956111824e-218 2.49999999999999778e-201 3.99999999999999761e-201 2.49999999999999778e-201 -3.99999999999999906e-201 -9.99999999999999982e-201 1.81302219991222365e-217 3.03660074299039248e-200 -1.37635613982788467e-217 3.79575092873799061e-201 6.07320148598078627e-201 3.79575092873799061e-201 -6.07320148598078845e-201 -1.51830037149519740e-200 2.75271227965576935e-217
-9.86814926402342474e-1 -7.56061770577127340e-2 -1.50152904211113214e-1 9.75861822744656937e-2 6.04185930530294901e-2 -9.92351068432846817e-1 -4.61872358512780690e-2 9.98932800164464729e-1 -9.98932800164464618e-1 -4.61872358512780690e-2 -1.01666919015364200e200 0.00000000000000000e0 -1.10519535099887938e199 4.00000000000000039e199 -1.10519535099887895e199 -4.00000000000000039e199 2.01666919015364146e200 0.00000000000000000e0 1.99999999999999892e200 0.00000000000000000e0 2.49999999999999907e199 4.00000000000000039e199 2.49999999999999950e199 -4.00000000000000039e199 -9.99999999999999970e199 0.00000000000000000e0 9.89273497694749082e200 0.00000000000000000e0 1.23659187211843652e200 1.97854699538949946e200 1.23659187211843669e200 -1.97854699538949946e200 -4.94636748847374813e200 0.00000000000000000e0
